0.000178734999999999989	3.2873986348746267
0.000194844999999999995	4.587055440039783
0.000212405999999999999	6.053217134512718
0.00023154999999999999	7.613979387099154
0.000252418999999999983	9.216375329166258
0.000275169000000000021	10.816664614761832
0.000299969999999999989	12.381875964527392
0.00032700600000000002	13.889099844990612
0.000356478999999999986	15.324271676592291
0.000388607999999999977	16.68003492744281
0.000423632999999999974	17.953687276485407
0.000461815000000000023	19.145718213195405
0.000503437000000000025	20.258388839702896
0.000548811999999999976	21.294798748697097
0.000598276000000000016	22.258719137262755
0.000652197999999999992	23.154085316199392
0.000710979000000000038	23.984714611705
0.000775059000000000034	24.75468437528783
0.000844915000000000011	25.46650458487137
0.000921066000000000007	26.125499129151695
0.00100408000000000008	26.734586613866288
0.00109457999999999994	27.296155919475506
0.00119322999999999998	27.813652510106873
0.00130078000000000008	28.29013578098169
0.00141800999999999993	28.7285260488709
0.00154582000000000005	29.131627829898875
0.0016851399999999999	29.501926960861557
0.00183701999999999997	29.84231139387834
0.00200258999999999984	30.155205584384767
0.00218308	30.443059378321966
0.00237983999999999982	30.708036156539805
0.00259433000000000016	30.95182526922549
0.00282816000000000014	31.17600857537246
0.00308304999999999994	31.381937653397326
0.00336092999999999982	31.57105487503194
0.00366383999999999981	31.744950159784757
0.0039940599999999998	31.905339683342632
0.00435403999999999999	32.05368868692091
0.00474647000000000003	32.19132026656372
0.00517425999999999997	32.31962276774552
0.00564061999999999983	32.43942006310707
0.00614899999999999995	32.551682340968824
0.0067032000000000003	32.65696750455478
0.00730734999999999978	32.75582063941162
0.00796595999999999936	32.84852949767602
0.00868391999999999949	32.935369262008834
0.00946660000000000036	33.01661484000681
0.0103198000000000005	33.09236262176477
0.0112499000000000002	33.162620256713645
0.0122638999999999994	33.227476197829496
0.0133691999999999995	33.286917897399775
0.0145742000000000007	33.34094732257212
0.0158877000000000011	33.38937182642457
0.017319600000000001	33.43209158493574
0.0188807000000000003	33.46900365640081
0.0205823000000000013	33.49998474584072
0.0224373999999999997	33.52458607336674
0.0244597000000000009	33.54276271785542
0.026664199999999999	33.55413146507446
0.0290674000000000002	33.55830073645276
0.0316871999999999987	33.55487034130767
0.0345432000000000031	33.54352458368391
0.0376565000000000025	33.523677151175136
0.0410504999999999967	33.49473608215815
0.0447502999999999998	33.456271784420245
0.0487836000000000034	33.40759414473922
0.0531804000000000027	33.34799723487438
0.0579734999999999973	33.276768113842515
0.0631985999999999937	33.19309704514789
0.0688946000000000003	33.09616402217724
0.0751040000000000041	32.985052193499
0.0818731000000000042	32.85883380849747
0.0892522000000000038	32.71648124434964
0.0972964000000000051	32.5568669171883
0.106065999999999994	32.37903208927377
0.115625000000000006	32.181644427025056
0.126045999999999991	31.963635851868027
0.137407000000000001	31.723748835895123
0.149791000000000008	31.46079695179826
0.163291999999999993	31.17341418309279
0.178009000000000001	30.86048662323846
0.194053000000000003	30.520814381389705
0.211543000000000009	30.153186917184563
0.230609000000000008	29.756572434183465
0.251392999999999978	29.330034856703584
0.274050999999999989	28.872829827779068
0.298750999999999989	28.384407385484135
0.325676999999999994	27.864517204309784
0.355030000000000012	27.313125840803774
0.387029000000000012	26.730891659314853
0.42191099999999998	26.118645987458784
0.459938000000000014	25.478319054707306
0.501391000000000031	24.81221584981646
0.546580999999999984	24.124023074989235
0.59584400000000004	23.418289782655975
0.649546999999999986	22.701735239204748
0.708089999999999997	21.982787048864814
0.771908999999999956	21.273820696125114
0.841481000000000034	20.594377380831382
0.917323	19.987393536682646
1.	19.409606231935452