0.00022341900000000001	2.6582275638572073
0.000243013000000000013	3.681492328645385
0.000264324999999999987	4.83311026649664
0.000287505999999999981	6.05882664139861
0.000312720000000000001	7.31872332266227
0.000340145999999999992	8.579357309927884
0.000369975999999999996	9.8152203226507
0.000402423000000000006	11.00824428851623
0.000437714999999999979	12.147065960531778
0.000476102000000000003	13.225394914742479
0.000517856000000000024	14.24064076930499
0.000563270999999999954	15.19276519566856
0.000612669999999999946	16.08308262196971
0.000666400000000000044	16.913819880225294
0.000724842999999999972	17.68771219927973
0.000788411000000000038	18.40760885788899
0.000857553999999999955	19.07645714075251
0.00093276100000000005	19.69714950495743
0.00101456000000000007	20.27216335927609
0.00110354000000000008	20.80447959200513
0.00120031999999999995	21.29684284200935
0.00130558999999999992	21.751684510764434
0.00142008	22.170842015596346
0.00154462000000000002	22.556808986768175
0.00168008999999999997	22.91193226667506
0.0018274299999999999	23.238100653289592
0.00198768999999999986	23.537422359343616
0.0021620099999999998	23.811850085901256
0.00235162000000000001	24.06336488227989
0.00255784999999999997	24.293690174341325
0.00278217999999999998	24.504665386176764
0.0030261699999999999	24.69763891603753
0.0032915599999999998	24.873864540772193
0.00358022999999999978	25.034281225136382
0.00389420999999999995	25.17997575956523
0.00423573000000000005	25.31204802744614
0.00460719999999999966	25.431522362025095
0.00501125000000000008	25.53951172690294
0.00545072999999999998	25.63713800347683
0.00592875999999999993	25.725363621939216
0.00644869999999999992	25.804809412276438
0.00701424999999999965	25.876179263600342
0.00762938999999999978	25.940006883689026
0.00829849000000000038	25.99648227671698
0.00902625999999999949	26.04595085553733
0.00981784999999999949	26.088419882831246
0.0106788999999999998	26.123885398288802
0.0116153999999999997	26.15241625789401
0.0126341000000000005	26.17383407544683
0.0137421000000000002	26.187937709126874
0.0149472000000000008	26.19461090795701
0.016258100000000001	26.193483379429193
0.0176838999999999989	26.184247123015773
0.0192347999999999998	26.166600139159314
0.0209215999999999985	26.140140919392888
0.0227563999999999995	26.10429520957338
0.0247521999999999985	26.058647791925324
0.0269228999999999996	26.00269005565968
0.029284000000000001	25.93565013118637
0.0318521999999999972	25.85691414839047
0.0346455999999999986	25.765776026711702
0.0376840000000000022	25.661522621981625
0.0409889000000000017	25.543079230323936
0.044583600000000001	25.409794250305335
0.0484935000000000019	25.26048717434372
0.0527463000000000029	25.094222409878647
0.0573721000000000023	24.9098818817626
0.0624035999999999966	24.7063333792638
0.0678764000000000034	24.48234472384285
0.0738290999999999947	24.23658021005041
0.0803037999999999946	23.967959699269393
0.0873464000000000046	23.674860451505356
0.0950065999999999966	23.35608358707879
0.103339	23.01015905056727
0.112401000000000001	22.635777191022992
0.122259000000000007	22.231535643101743
0.132980999999999988	21.796015768775884
0.144642999999999994	21.328060486561228
0.157327999999999996	20.826511736067726
0.171126	20.290296053798812
0.186132999999999993	19.71861013837053
0.202456999999999998	19.11101933781354
0.220211999999999991	18.46701000992449
0.239524999999999988	17.786987191505837
0.260531000000000013	17.071298524541234
0.283378999999999992	16.321133748148043
0.308230999999999977	15.538466841658865
0.335262999999999978	14.725788024211205
0.364665000000000017	13.886761236944281
0.396645999999999999	13.025877487033123
0.431431999999999982	12.149222789206215
0.469268000000000018	11.264142276811109
0.510422000000000042	10.379738105207515
0.555185999999999957	9.506935278086216
0.603875000000000051	8.659106805168003
0.656834999999999947	7.852058288086276
0.714438000000000018	7.104649810083164
0.777093999999999952	6.439418538160708
0.845245000000000024	5.883913671481203
0.919371999999999967	5.475452369171729
1.	5.097725324682763