0.0000893676999999999948	6.332101053086399
0.0000980999999999999993	9.03866026805746
0.000107684999999999996	12.11386812895433
0.000118208000000000004	15.386975383273738
0.000129758	18.732940772358017
0.000142437000000000005	22.052762746222818
0.000156353999999999987	25.27410010089259
0.000171632000000000013	28.35121533133922
0.000188402000000000003	31.258305000999496
0.000206810999999999996	33.98423257546416
0.000227018999999999989	36.52750651184233
0.000249202000000000017	38.892017046597
0.000273551000000000024	41.085045835739884
0.000300281000000000007	43.11538973562077
0.000329620999999999994	44.992036112051125
0.000361828999999999981	46.72440053768278
0.000397184000000000024	48.32154570680474
0.000435993999999999987	49.79083472848527
0.000478595000000000008	51.14312951319789
0.000525358999999999982	52.38553085256661
0.000576692999999999976	53.52423218859774
0.000633042000000000001	54.56766642761848
0.000694898	55.52230005677923
0.000762796999999999954	56.39522091967612
0.000837330999999999969	57.19294583145458
0.000919147999999999949	57.921903285337606
0.00100895999999999994	58.58794636837651
0.0011075499999999999	59.197079613727915
0.00121576999999999992	59.754371601594386
0.00133456000000000004	60.26381804763358
0.00146495999999999996	60.7288455320731
0.00160811000000000005	61.15284994523284
0.00176523999999999995	61.539600395908124
0.00193771999999999998	61.89294596526188
0.00212706000000000006	62.21653864510536
0.0023349	62.51386397340416
0.00256303999999999994	62.78788193053418
0.00281348000000000015	63.04099330842227
0.00308838999999999988	63.27516921492677
0.00339016000000000013	63.49184240360949
0.00372142000000000002	63.692002452382596
0.00408503999999999985	63.876263893439265
0.00448419999999999982	64.04517603721463
0.00492235999999999976	64.19899972818891
0.00540332999999999959	64.337633494623
0.00593128999999999965	64.46115431410989
0.00651085000000000032	64.56919571754794
0.0071470300000000004	64.66152736224575
0.00784538000000000076	64.737670611116
0.0086119600000000001	64.79695370683348
0.00945345000000000039	64.83876867245114
0.0103771999999999996	64.86233818636002
0.0113910999999999995	64.86658333290096
0.0125042	64.85053750610759
0.0137260000000000004	64.81299607836047
0.0150671999999999993	64.75242675289613
0.0165393999999999992	64.66750190611722
0.0181555000000000015	64.5565613909348
0.0199294999999999993	64.41764110859476
0.0218767999999999983	64.24891990248467
0.0240144000000000017	64.04822014404682
0.0263608999999999996	63.81306463893657
0.0289366999999999992	63.54120060683574
0.0317641000000000034	63.22974329121241
0.0348677999999999974	62.87594220516373
0.0382747999999999977	62.47684096655736
0.042014700000000002	62.02909563861291
0.0461200000000000013	61.529579567899255
0.0506264999999999979	60.97461441973681
0.0555732999999999991	60.36064223521043
0.0610033999999999993	59.68398415276951
0.0669642000000000015	58.94092479791526
0.0735072999999999976	58.127530169703256
0.080689800000000006	57.240092608092944
0.0885742000000000057	56.27487549137031
0.0972288999999999931	55.228285597623476
0.106729000000000004	54.09697115253643
0.117157999999999998	52.87792251804435
0.128605999999999998	51.56865635980689
0.141171999999999992	50.1669581250514
0.154965999999999993	48.67142679326509
0.170108000000000009	47.08177438596043
0.186729000000000006	45.39821200862058
0.20497499999999999	43.62254253587756
0.225003000000000009	41.757840649915664
0.246988999999999986	39.80883596933518
0.271121999999999974	37.781965287029074
0.29761399999999999	35.68582091503319
0.326693999999999984	33.531377294077245
0.35861599999999999	31.332251209070172
0.393656999999999979	29.1050705812097
0.432122000000000006	26.869598459056217
0.474345000000000017	24.648946522420466
0.52069399999999999	22.470840467657066
0.571571999999999969	20.36665535810884
0.627421000000000006	18.37343442279979
0.688726999999999978	16.533331668983806
0.756024000000000029	14.89612252058741
0.829895999999999967	13.521210042343547
0.910985999999999962	12.489274559952092
1.	11.542823561965099