0.000992975000000000108	0.6382137971578598
0.00106407000000000008	0.8396438549699821
0.00114024999999999999	1.0628517114622398
0.00122188000000000006	1.29988151363516
0.00130937000000000002	1.5453043361441117
0.00140310999999999995	1.7940923244299944
0.00150355999999999992	2.042019248209592
0.00161121000000000007	2.2857042503093425
0.00172656999999999997	2.5226431338012545
0.0018501800000000001	2.751074225698882
0.00198263999999999992	2.9698776898708346
0.00212458999999999998	3.178479066830774
0.00227669999999999999	3.376570049605396
0.00243969999999999994	3.564193480749623
0.00261436999999999997	3.741528800655707
0.00280153999999999993	3.908887965167126
0.00300212000000000005	4.066624716714418
0.00321705999999999988	4.2151357026497305
0.00344737999999999989	4.3548271162198775
0.00369419999999999991	4.486123190080008
0.00395868000000000001	4.609417621135846
0.00424210000000000038	4.72512663978864
0.0045458199999999999	4.833499835291985
0.00487126999999999959	4.935053288946187
0.00522002999999999964	5.030115327040922
0.00559375999999999971	5.119098573343673
0.00599423999999999964	5.202134261232909
0.00642340000000000012	5.279611242209409
0.0068832800000000003	5.351863221020367
0.00737609000000000008	5.419156601096805
0.00790418000000000023	5.481784156813996
0.00847007999999999962	5.540014556993498
0.00907648999999999956	5.594126558714866
0.0097263200000000001	5.644365622033316
0.0104227	5.69100456462263
0.0111689000000000007	5.734264005811357
0.0119685	5.774392496640656
0.0128254000000000007	5.811605473594524
0.0137435999999999999	5.846081206897255
0.0147276000000000004	5.877973599130007
0.0157820000000000009	5.907407423945604
0.0169119000000000005	5.934508695922196
0.0181228000000000014	5.9594304065328485
0.0194203000000000014	5.9822888255516355
0.0208105999999999985	6.003246299186507
0.0223006000000000003	6.022450226538418
0.0238972000000000004	6.040027584385362
0.0256081000000000017	6.056116303680751
0.0274415000000000006	6.070827759950884
0.0294062000000000004	6.084255239826337
0.0315114999999999978	6.096464270671975
0.0337676000000000018	6.107529658346072
0.0361850999999999978	6.117489093359452
0.0387757999999999992	6.126380798762774
0.0415519999999999987	6.134223500228125
0.0445269000000000012	6.141026354685474
0.0477148000000000017	6.146780191149289
0.0511309	6.151492876299012
0.0547916000000000028	6.155154386153087
0.0587143999999999999	6.157735697866513
0.0629181000000000046	6.159207016388125
0.0674227000000000021	6.159556069376665
0.0722498000000000029	6.158734418148372
0.0774225000000000052	6.1567107165452555
0.0829654999999999976	6.153444311296474
0.0889054999999999984	6.14887598038841
0.095270599999999997	6.142963447038672
0.102092000000000002	6.135637895517278
0.109400999999999998	6.126855206314681
0.117233000000000004	6.116536261233428
0.125626999999999989	6.104619968822439
0.134620999999999991	6.091023938175307
0.144258999999999998	6.075676489282631
0.154587000000000002	6.058495748908058
0.165654999999999997	6.0394089819259325
0.177515000000000006	6.018314666872626
0.190224000000000004	5.995129623579893
0.203842999999999996	5.969761355015158
0.218436999999999992	5.9421262519551705
0.234076000000000006	5.912141009518662
0.250834999999999975	5.879713100440354
0.268793000000000004	5.8447684570947285
0.288036999999999988	5.8072251139359095
0.308659000000000017	5.767029732997756
0.330757999999999996	5.724121524722671
0.354437999999999975	5.678488222515476
0.379813999999999985	5.630093550365368
0.407007000000000008	5.578970409610714
0.436147000000000007	5.525158302045816
0.467372999999999983	5.468761320251903
0.500834000000000001	5.409914428985245
0.536691000000000029	5.348854525138636
0.575115000000000043	5.2858526372242
0.616291000000000033	5.221340387114302
0.660413999999999946	5.155866737049631
0.707695999999999992	5.090177252036262
0.758364000000000038	5.025352366586251
0.81265900000000002	4.963004940900512
0.870840999999999976	4.905980404401809
0.933189000000000046	4.861553436107695
1.	4.819277092879091