0.0000893676999999999948	6.332955774809283
0.0000980999999999999993	9.040450576549496
0.000107684999999999996	12.116321943037487
0.000118208000000000004	15.390386331234845
0.000129758	18.7375522969652
0.000142437000000000005	22.058586725324325
0.000156353999999999987	25.281348166186287
0.000171632000000000013	28.359993571092616
0.000188402000000000003	31.26872260423505
0.000206810999999999996	33.996474227467075
0.000227018999999999989	36.541817761966676
0.000249202000000000017	38.908505240166036
0.000273551000000000024	41.103979584525746
0.000300281000000000007	43.137019506044616
0.000329620999999999994	45.01642784589793
0.000361828999999999981	46.751893935321505
0.000397184000000000024	48.35249066438815
0.000435993999999999987	49.825639515235615
0.000478595000000000008	51.18186867274972
0.000525358999999999982	52.42875405567494
0.000576692999999999976	53.57233200759719
0.000633042000000000001	54.62100193192356
0.000694898	55.58148282053949
0.000762796999999999954	56.46078822176871
0.000837330999999999969	57.265264473040624
0.000919147999999999949	58.001744751778475
0.00100895999999999994	58.67605680282624
0.0011075499999999999	59.2941394350784
0.00121576999999999992	59.86117895293405
0.00133456000000000004	60.38135832196016
0.00146495999999999996	60.858087982213064
0.00160811000000000005	61.29497038901527
0.00176523999999999995	61.695601768783845
0.00193771999999999998	62.064179203408855
0.00212706000000000006	62.40438357209684
0.0023349	62.72001338671405
0.00256303999999999994	63.01389471273674
0.00281348000000000015	63.288886454517794
0.00308838999999999988	63.54690754224503
0.00339016000000000013	63.78967720057282
0.00372142000000000002	64.01834043233325
0.00408503999999999985	64.23386581517786
0.00448419999999999982	64.43698964625571
0.00492235999999999976	64.62808571692194
0.00540332999999999959	64.807606688984
0.00593128999999999965	64.97582575174144
0.00651085000000000032	65.13274699438617
0.0071470300000000004	65.27845264499672
0.00784538000000000076	65.41284398220155
0.0086119600000000001	65.5358916977971
0.00945345000000000039	65.64731368188605
0.0103771999999999996	65.74681380246825
0.0113910999999999995	65.83406074480666
0.0125042	65.9084299087649
0.0137260000000000004	65.96955860139106
0.0150671999999999993	66.01668889587121
0.0165393999999999992	66.04903132157348
0.0181555000000000015	66.06579315312075
0.0199294999999999993	66.06607168524305
0.0218767999999999983	66.04869456621664
0.0240144000000000017	66.01264543997175
0.0263608999999999996	65.95646216798869
0.0289366999999999992	65.8789119611063
0.0317641000000000034	65.77831484633148
0.0348677999999999974	65.65314380207927
0.0382747999999999977	65.50159068265562
0.042014700000000002	65.32173158778923
0.0461200000000000013	65.11153049808068
0.0506264999999999979	64.86884149370137
0.0555732999999999991	64.59139991833275
0.0610033999999999993	64.27673977554575
0.0669642000000000015	63.92245593582648
0.0735072999999999976	63.52575814855899
0.080689800000000006	63.08409176885489
0.0885742000000000057	62.59452372492203
0.0972288999999999931	62.054348723697096
0.106729000000000004	61.460663668000606
0.117157999999999998	60.8106325204437
0.128605999999999998	60.10129449944849
0.141171999999999992	59.33020305095622
0.154965999999999993	58.49455240319549
0.170108000000000009	57.59205005316182
0.186729000000000006	56.62076418086517
0.20497499999999999	55.57877396507242
0.225003000000000009	54.46488280292074
0.246988999999999986	53.2784800664438
0.271121999999999974	52.019440255492704
0.29761399999999999	50.6886244889261
0.326693999999999984	49.28762594654479
0.35861599999999999	47.81948845676776
0.393656999999999979	46.28856288067744
0.432122000000000006	44.70008880461116
0.474345000000000017	43.06213912876007
0.52069399999999999	41.38469974606879
0.571571999999999969	39.679890116972174
0.627421000000000006	37.96404175151985
0.688726999999999978	36.25725498432389
0.756024000000000029	34.58667040402836
0.829895999999999967	32.99235974581671
0.910985999999999962	31.55424398132946
1.	30.19947758873803