0.00297891999999999992	0.21950267137567647
0.00315731999999999992	0.2775284974177803
0.00334639999999999981	0.3409733099023636
0.00354681000000000007	0.40808024881262145
0.00375920999999999981	0.47771944550262124
0.00398434000000000028	0.5487721451740208
0.00422294999999999962	0.6202550024375973
0.00447584999999999997	0.6913203913871697
0.00474388999999999974	0.7612809872924897
0.00502799000000000041	0.8295971738755008
0.00532909999999999981	0.8958651543752164
0.00564823999999999969	0.9597965421325606
0.00598648999999999969	1.0212205551414646
0.00634499999999999995	1.0799778505074427
0.00672498000000000019	1.1360996709765163
0.00712771999999999972	1.1895510573842027
0.00755457000000000003	1.2403607355892987
0.00800699000000000029	1.2885871416044363
0.00848649999999999925	1.3342817380442429
0.00899472999999999939	1.3775242924715194
0.00953339999999999917	1.4183963459171303
0.0101043000000000001	1.4569714079575682
0.0107094000000000009	1.493342303842826
0.0113507999999999994	1.5275669727260888
0.0120304999999999995	1.5597474727148255
0.0127510000000000002	1.5899441425496226
0.0135145999999999999	1.618197298316504
0.0143239999999999999	1.6445937223449618
0.0151818000000000005	1.6692565535298298
0.0160910000000000011	1.6922026497682536
0.0170545999999999996	1.7134920726751857
0.0180758999999999989	1.7331678863317181
0.0191584999999999984	1.7512914769673826
0.0203057999999999988	1.767932869549254
0.0215218000000000006	1.7831273149285414
0.0228106999999999997	1.7969185632198152
0.0241767999999999983	1.8093685308400167
0.0256246000000000008	1.8205031827220257
0.0271592000000000014	1.8303759749207937
0.0287857000000000009	1.8390129927617902
0.0305094999999999984	1.846467511366557
0.0323367000000000029	1.8527663970311652
0.0342731999999999967	1.8579355374915758
0.0363257000000000024	1.8620105143350776
0.0385011000000000034	1.865017752662633
0.0408067999999999972	1.8669561366681366
0.0432506000000000002	1.8678515396233517
0.0458406999999999981	1.8677025882085363
0.0485859999999999972	1.8665167830542637
0.0514956000000000025	1.8643014715957047
0.054579500000000003	1.8610641906076322
0.0578480999999999995	1.8568031260427655
0.061312400000000003	1.8515254998566866
0.0649842000000000058	1.8452387072526617
0.0688759000000000038	1.8379316153549552
0.0730007000000000017	1.829601984805654
0.077372399999999994	1.8202568427926324
0.0820059999999999956	1.8098663473711127
0.0869170999999999971	1.7984184114826351
0.0921222000000000013	1.7859010134900155
0.0976391000000000064	1.7722742024806946
0.103485999999999995	1.757534503911812
0.109684000000000004	1.741641842206414
0.116251999999999994	1.7245643643494777
0.123214000000000004	1.7062610882464733
0.130592999999999987	1.6867091968469037
0.138414000000000009	1.6658673036402434
0.146703	1.643702911031125
0.155488999999999988	1.6201647570625266
0.164800000000000002	1.5952291216951777
0.174669999999999992	1.5688632226764068
0.185129999999999989	1.5410152673175743
0.196217000000000002	1.5116704487889492
0.207967999999999986	1.4807862883167968
0.220422000000000007	1.4483480040960328
0.233622999999999997	1.4143316653201703
0.247613	1.3787228050617588
0.262442000000000009	1.3415162381334294
0.27815899999999999	1.3027072569084717
0.294816999999999996	1.262319497966196
0.312473000000000001	1.220367748353587
0.331185000000000007	1.176886006468887
0.351019000000000025	1.1319561101307345
0.372039999999999982	1.0856330554496387
0.394320999999999977	1.0380192931121206
0.417935000000000001	0.989260080876203
0.442964000000000024	0.9394982782890801
0.46949200000000002	0.8889356227352679
0.497607999999999995	0.8378116732278905
0.527407999999999988	0.7864040519886812
0.558992000000000044	0.7350560319758402
0.592469000000000023	0.6841717733483835
0.627950000000000008	0.634223542999256
0.665555000000000008	0.5857692983277482
0.705412999999999957	0.5394602967058061
0.747658000000000045	0.4960588349209004
0.792433000000000054	0.4564571693989357
0.839888999999999997	0.4217074867969783
0.89018699999999995	0.3930870693020395
0.94349700000000003	0.37231208035937297
1.	0.3527101325533378