0.000148946000000000007	3.9078115438166936
0.000162666999999999993	5.485847314432616
0.000177652000000000013	7.269369764769652
0.000194016000000000007	9.168061134465802
0.00021188899999999999	11.11523943142468
0.000231408000000000004	13.056543622381264
0.000252724999999999977	14.951566885176156
0.000276005000000000011	16.77227781549059
0.000301429999999999992	18.50246026195218
0.000329198000000000002	20.133565274878436
0.000359522999999999993	21.66306282510295
0.000392642000000000013	23.092057637104023
0.000428811000000000025	24.423550069639106
0.000468312000000000025	25.661850448447588
0.000511453000000000038	26.81168374305912
0.000558567000000000048	27.877995805498376
0.000610020999999999979	28.86574062055893
0.00066621499999999995	29.77960834963196
0.00072758600000000001	30.62356455190004
0.000794609999999999956	31.403334370356873
0.000867807999999999969	32.122634231339696
0.000947749000000000009	32.7846883402025
0.00103505000000000003	33.393995987015295
0.00113039999999999994	33.95398982803035
0.00123452999999999996	34.46841089101582
0.00134826	34.940715616640475
0.00147244999999999993	35.374221100381945
0.00160808999999999995	35.77225182913438
0.0017562299999999999	36.13785549356764
0.00191800999999999994	36.474067870955174
0.00209469000000000018	36.78328399479625
0.00228765000000000001	37.06750370989208
0.00249839000000000007	37.328349925519994
0.00272853999999999978	37.56793777914847
0.00297987999999999986	37.78793783179317
0.0032543899999999998	37.99063282131541
0.0035541800000000001	38.177898738623426
0.00388157999999999993	38.351631456962544
0.00423914999999999969	38.51333070558806
0.00462964999999999991	38.664475104846815
0.00505611999999999988	38.80598116521119
0.00552188999999999979	38.93890834528013
0.00603054999999999997	39.06373444718222
0.00658608000000000023	39.181086926916834
0.00719278000000000018	39.29125608883327
0.00785536000000000047	39.39460227701162
0.00857898999999999988	39.49114755930384
0.00936927000000000072	39.58114924965521
0.0102322999999999997	39.66461078663154
0.0111748999999999998	39.74153940682074
0.0122044000000000007	39.81192485350781
0.0133285999999999995	39.87556844857073
0.0145564000000000006	39.932460452237194
0.0158972999999999996	39.98240432350057
0.0173618000000000002	40.025202578292365
0.0189611000000000016	40.060466347103834
0.0207077999999999984	40.08798677216218
0.0226153000000000014	40.10736568881827
0.0246986000000000011	40.11829666507962
0.0269737999999999992	40.120111898159195
0.0294586000000000014	40.11247924294556
0.0321723000000000009	40.09463175832272
0.0351358999999999977	40.066132355783715
0.0383725999999999998	40.026113286338884
0.0419073999999999974	39.9739438512264
0.0457677999999999974	39.90873124527099
0.0499838999999999978	39.8295680598034
0.0545882999999999993	39.73544365965917
0.0596169000000000004	39.625427619128715
0.0651087000000000055	39.49840199428866
0.0711064000000000002	39.353145492119566
0.0776566000000000062	39.18842193284495
0.0848102000000000022	39.002982780151044
0.0926228000000000051	38.795388523160135
0.101154999999999995	38.56418088690353
0.110473000000000002	38.30806834459862
0.120649999999999993	38.02530604668975
0.131763999999999992	37.71438517453248
0.143902000000000002	37.37388804102682
0.157157999999999992	37.002022339933994
0.17163500000000001	36.5974301493758
0.187446000000000002	36.158573683770776
0.204713000000000006	35.68399179889119
0.223570999999999992	35.1724971775943
0.244165999999999994	34.62290537899904
0.266658000000000006	34.03440500183881
0.291221999999999981	33.40638614887273
0.318049000000000026	32.73854236724922
0.347347000000000017	32.031244997415136
0.379344000000000014	31.285227111150427
0.414289000000000018	30.501921385403843
0.452452000000000021	29.68374117568643
0.494130999999999987	28.834014596379845
0.539649999999999963	27.95728345033958
0.589362000000000052	27.0598121730091
0.643653000000000031	26.149629197735727
0.702945000000000042	25.237759320516844
0.76769900000000002	24.3394206054045
0.838417999999999997	23.47835064473273
0.915652000000000022	22.705431049428345
1.	21.97132921751369