0.0000992975000000000026	5.732715764970401
0.000108884999999999999	8.15544285694687
0.000119399	10.904921685892802
0.000130927000000000002	13.831370197585347
0.000143568999999999994	16.825675358670644
0.000157431000000000004	19.799044749792433
0.00017263200000000001	22.688238829556685
0.000189301000000000009	25.451436950636875
0.000207578999999999999	28.06441344499375
0.000227621999999999997	30.516958675746384
0.000249599999999999996	32.807284819624265
0.000273699999999999985	34.93863834983201
0.000300127000000000022	36.91678342707812
0.000329106000000000017	38.749622368895146
0.000360882999999999994	40.445174110097184
0.000395728999999999992	42.01175646778782
0.000433937999999999978	43.45740334315344
0.00047583800000000002	44.7881424832469
0.00052178200000000004	46.014269185334115
0.00057216299999999999	47.14213013071381
0.000627408999999999996	48.1766221187996
0.000687988999999999962	49.12528039254067
0.000754417999999999972	49.99411772198233
0.000827261000000000034	50.78929244874534
0.000907137000000000026	51.516315180132246
0.000994726999999999938	52.18085108777874
0.00109077000000000002	52.78847844872216
0.00119608999999999991	53.34409808283986
0.00131157999999999991	53.85247904359068
0.00143822000000000004	54.317718578890485
0.00157708999999999996	54.74277072054379
0.00172937000000000004	55.130494017335096
0.00189634999999999999	55.48391900122692
0.00207945000000000005	55.80626450456867
0.00228022999999999984	56.100982596363146
0.00250039999999999984	56.37096666928233
0.00274182999999999979	56.619179650661586
0.00300657000000000008	56.84785146753544
0.00329686999999999992	57.05889674378439
0.00361519999999999984	57.25365537626181
0.00396426999999999977	57.43316441764571
0.00434703999999999993	57.59823915077865
0.00476677000000000004	57.74917198175198
0.0052270299999999997	57.88638692867301
0.00573172999999999999	58.00980921866304
0.0062851599999999997	58.119499207994934
0.00689201999999999957	58.21526486047304
0.0075574800000000001	58.296729518834795
0.00828719999999999978	58.363580403684736
0.0090873800000000008	58.41524293813323
0.00996480999999999929	58.45112230373369
0.0109269999999999992	58.47053457240431
0.0119819999999999996	58.47258980443999
0.0131389999999999996	58.45641882228436
0.0144075999999999996	58.42091933730669
0.0157986999999999989	58.36483444105214
0.0173242000000000014	58.28696386712301
0.0189969000000000006	58.18573270000755
0.0208312000000000011	58.059647510939634
0.0228426000000000011	57.90683511467438
0.0250481000000000002	57.725479054614276
0.0274667000000000001	57.513585136264545
0.0301187000000000017	57.268850304838175
0.0330268999999999979	56.98895705357199
0.0362157999999999994	56.67145831353069
0.0397126000000000007	56.31353809368026
0.0435470999999999983	55.91251453736246
0.047751799999999997	55.4654138750146
0.0523624999999999993	54.9690516677541
0.0574184000000000014	54.42029212011515
0.0629624000000000017	53.815879986509245
0.0690418000000000004	53.152350951512965
0.0757082000000000033	52.42628786886045
0.0830182000000000003	51.63433077585297
0.0910341000000000067	50.773182337111386
0.0998238999999999932	49.83942638826153
0.109462000000000004	48.830152292382074
0.120032	47.74244380774519
0.131620999999999988	46.573988970731065
0.144330000000000014	45.32274768200171
0.15826599999999999	43.98723070175637
0.173547000000000007	42.566861330682656
0.190304000000000001	41.061917804178734
0.208679000000000003	39.4734587220811
0.228829000000000005	37.80414707457442
0.250923000000000007	36.057852704453275
0.275150999999999979	34.240098499558854
0.301719000000000015	32.358403937339816
0.330851000000000006	30.422326130374476
0.362796999999999981	28.44393577405921
0.397826999999999986	26.438004982232233
0.436238999999999988	24.422140813640123
0.478360000000000007	22.417680878260587
0.524549000000000043	20.44901266787238
0.575196999999999958	18.54555973960678
0.630735000000000046	16.74062859225366
0.691636000000000028	15.073683147132703
0.758417000000000008	13.590100520108734
0.831647000000000025	12.345120359455883
0.911946999999999952	11.413415824503609
1.	10.55804448555021