0.000297892000000000014	2.0210162647065872
0.000323087000000000005	2.77192354659895
0.000350411000000000017	3.6145399477328812
0.000380047000000000002	4.511157241263457
0.000412189999999999996	5.434273413031502
0.000447049999999999997	6.360410640165289
0.000484859999999999989	7.271220587417407
0.00052586600000000005	8.153495093528383
0.000570341000000000034	8.99846549322221
0.000618578000000000053	9.801149790596666
0.000670892999999999989	10.55917502259208
0.000727634000000000006	11.272037156452827
0.000789173000000000001	11.940293637084267
0.000855916999999999984	12.56546839275471
0.000928306000000000053	13.149301492671972
0.00100682000000000007	13.69377289910329
0.00109197000000000005	14.200903222789147
0.00118431999999999999	14.672621569182422
0.00128447999999999995	15.110960051062113
0.00139312000000000008	15.517275124905241
0.0015109399999999999	15.894385861815435
0.00163872999999999992	16.243619400942627
0.00177731999999999999	16.566462714293134
0.00192764	16.864336357226733
0.0020906700000000002	17.13909240520727
0.00226749000000000004	17.39200449192233
0.00245926	17.624636765154552
0.00266724999999999992	17.838296760677174
0.00289282999999999988	18.034308520927294
0.00313749000000000016	18.213993340998755
0.00340283999999999986	18.37853501287533
0.00369062999999999987	18.529198823466775
0.00400277000000000011	18.666912008646214
0.00434130000000000019	18.79244819897608
0.00470846000000000025	18.90665711543503
0.00510667999999999973	19.01005429091846
0.00553858000000000041	19.103314374652076
0.00600700000000000019	19.187295325130105
0.00651503999999999972	19.262607315407386
0.00706604	19.33002745380161
0.00766365000000000015	19.39017345540736
0.0083117999999999994	19.44357419447438
0.00901477000000000007	19.49067379706671
0.00977718999999999984	19.531742065430272
0.0106041	19.567130757603934
0.0115008999999999997	19.59693133517887
0.0124735999999999996	19.621146341775052
0.0135286	19.63985401993155
0.0146727000000000003	19.65295499822976
0.0159136999999999994	19.660354549290727
0.0172595999999999999	19.66194187327862
0.0187193000000000012	19.657434364424947
0.0203025000000000011	19.646716683588178
0.0220195000000000009	19.629407391420763
0.0238818000000000016	19.60529600091424
0.0259016000000000003	19.57407986379878
0.0280922000000000012	19.535276189831542
0.0304681000000000014	19.488658394206144
0.033044900000000002	19.433559212252938
0.0358397000000000021	19.36956271343455
0.038870799999999997	19.29625129902903
0.0421583000000000027	19.212939635315223
0.0457238000000000019	19.11910672064668
0.0495909000000000003	19.013963318240542
0.0537849999999999995	18.89697417927465
0.058333900000000001	18.76724802912362
0.0632674000000000014	18.624145713978827
0.0686182999999999932	18.466760146251502
0.0744216000000000044	18.29425907792753
0.0807158000000000042	18.105715848942356
0.0875423000000000034	17.90019320981687
0.0949461000000000055	17.676836599068636
0.102975999999999998	17.43451481280064
0.111685000000000006	17.172444844524318
0.121131000000000003	16.889390531486566
0.131375999999999993	16.58464278690436
0.142487000000000002	16.25704156114262
0.154537000000000008	15.905866836701346
0.167607000000000006	15.530128537376816
0.181783	15.129284186497328
0.197156999999999999	14.702705699493963
0.213830999999999993	14.249852615373944
0.231916000000000011	13.770739580842433
0.251529999999999976	13.265305849063036
0.272803000000000018	12.73414203753811
0.295874999999999999	12.177864818081343
0.32089899999999999	11.597848634809571
0.348038999999999987	10.996067350879416
0.377473999999999976	10.375004683305917
0.409399000000000013	9.738018140685336
0.444023000000000001	9.089448356068305
0.481576999999999977	8.434663590977506
0.522306000000000048	7.7803207081385795
0.566478999999999955	7.134532332358663
0.614388999999999963	6.507078997851022
0.666351000000000027	5.909740134969421
0.722706999999999988	5.35659018207181
0.783830000000000027	4.864531060657701
0.850122000000000044	4.454308880156078
0.92202099999999998	4.1540389631990955
1.	3.8756923357750903