1.117100000000000028e-05 6.387960000000000349e+01
1.252020000000000085e-05 9.924240000000000350e+01
1.403229999999999946e-05 1.384319999999999879e+02
1.572710000000000058e-05 1.790519999999999925e+02
1.762650000000000141e-05 2.191220000000000141e+02
1.975540000000000062e-05 2.573000000000000114e+02
2.214140000000000116e-05 2.928279999999999745e+02
2.481560000000000005e-05 3.253949999999999818e+02
2.781269999999999885e-05 3.549649999999999750e+02
3.117189999999999881e-05 3.816530000000000200e+02
3.493670000000000044e-05 4.056390000000000100e+02
3.915620000000000298e-05 4.271290000000000191e+02
4.388539999999999829e-05 4.463279999999999745e+02
4.918569999999999903e-05 4.634329999999999927e+02
5.512620000000000085e-05 4.786109999999999900e+02
6.178420000000000385e-05 4.920649999999999977e+02
6.924630000000000141e-05 5.039279999999999973e+02
7.760959999999999636e-05 5.143540000000000418e+02
8.698300000000000389e-05 5.234819999999999709e+02
9.748849999999999335e-05 5.314450000000000500e+02
1.092630000000000006e-04 5.383669999999999618e+02
1.224590000000000010e-04 5.443680000000000518e+02
1.372500000000000022e-04 5.495579999999999927e+02
1.538260000000000007e-04 5.540349999999999682e+02
1.724049999999999866e-04 5.578719999999999573e+02
1.932269999999999984e-04 5.611340000000000146e+02
2.165640000000000089e-04 5.638859999999999673e+02
2.427200000000000071e-04 5.662010000000000218e+02
2.720350000000000068e-04 5.681449999999999818e+02
3.048910000000000053e-04 5.697820000000000391e+02
3.417149999999999767e-04 5.711599999999999682e+02
3.829859999999999818e-04 5.723189999999999600e+02
4.292419999999999808e-04 5.732870000000000346e+02
4.810840000000000038e-04 5.740869999999999891e+02
5.391880000000000154e-04 5.747309999999999945e+02
6.043090000000000310e-04 5.752309999999999945e+02
6.772949999999999587e-04 5.755950000000000273e+02
7.590970000000000269e-04 5.758269999999999982e+02
8.507779999999999510e-04 5.759310000000000400e+02
9.535319999999999907e-04 5.759089999999999918e+02
1.068699999999999902e-03 5.757609999999999673e+02
1.197769999999999911e-03 5.754880000000000564e+02
1.342429999999999925e-03 5.750860000000000127e+02
1.504569999999999996e-03 5.745520000000000209e+02
1.686280000000000071e-03 5.738830000000000382e+02
1.889950000000000050e-03 5.730710000000000264e+02
2.118210000000000145e-03 5.721109999999999900e+02
2.374040000000000004e-03 5.709930000000000518e+02
2.660769999999999802e-03 5.697069999999999936e+02
2.982129999999999937e-03 5.682419999999999618e+02
3.342299999999999872e-03 5.665850000000000364e+02
3.745969999999999942e-03 5.647229999999999563e+02
4.198399999999999702e-03 5.626380000000000337e+02
4.705469999999999792e-03 5.603139999999999645e+02
5.273779999999999614e-03 5.577329999999999472e+02
5.910730000000000324e-03 5.548750000000000000e+02
6.624599999999999586e-03 5.517169999999999845e+02
7.424700000000000223e-03 5.482369999999999663e+02
8.321429999999999452e-03 5.444120000000000346e+02
9.326469999999999899e-03 5.402179999999999609e+02
1.045289999999999934e-02 5.356280000000000427e+02
1.171540000000000081e-02 5.306169999999999618e+02
1.313029999999999926e-02 5.251609999999999445e+02
1.471609999999999932e-02 5.192329999999999472e+02
1.649350000000000122e-02 5.128099999999999454e+02
1.848549999999999846e-02 5.058690000000000282e+02
2.071809999999999971e-02 4.983899999999999864e+02
2.322039999999999868e-02 4.903539999999999850e+02
2.602490000000000012e-02 4.817479999999999905e+02
2.916809999999999889e-02 4.725609999999999786e+02
3.269090000000000190e-02 4.627889999999999873e+02
3.663919999999999677e-02 4.524300000000000068e+02
4.106440000000000090e-02 4.414900000000000091e+02
4.602400000000000241e-02 4.299820000000000277e+02
5.158259999999999929e-02 4.179230000000000018e+02
5.781259999999999871e-02 4.053399999999999750e+02
6.479500000000000537e-02 3.922620000000000005e+02
7.262079999999999924e-02 3.787280000000000086e+02
8.139169999999999738e-02 3.647799999999999727e+02
9.122189999999999466e-02 3.504669999999999845e+02
1.022389999999999965e-01 3.358410000000000082e+02
1.145879999999999954e-01 3.209580000000000268e+02
1.284270000000000134e-01 3.058770000000000095e+02
1.439380000000000104e-01 2.906580000000000155e+02
1.613219999999999932e-01 2.753639999999999759e+02
1.808059999999999945e-01 2.600550000000000068e+02
2.026439999999999908e-01 2.447930000000000064e+02
2.271179999999999866e-01 2.296399999999999864e+02
2.545490000000000252e-01 2.146560000000000059e+02
2.852919999999999900e-01 1.999010000000000105e+02
3.197490000000000054e-01 1.854350000000000023e+02
3.583669999999999911e-01 1.713189999999999884e+02
4.016500000000000070e-01 1.576160000000000139e+02
4.501589999999999758e-01 1.443919999999999959e+02
5.045279999999999765e-01 1.317170000000000130e+02
5.654630000000000489e-01 1.196689999999999969e+02
6.337580000000000435e-01 1.083340000000000032e+02
7.103009999999999602e-01 9.780989999999999895e+01
7.960890000000000466e-01 8.821020000000000039e+01
8.922379999999999756e-01 7.966660000000000252e+01
1.000000000000000000e+00 7.195046211071654341e+01
