8.936770000000000157e-06 7.984799999999999898e+01
1.003850000000000053e-05 1.249740000000000038e+02
1.127610000000000034e-05 1.750080000000000098e+02
1.266620000000000080e-05 2.267899999999999920e+02
1.422769999999999932e-05 2.777359999999999900e+02
1.598169999999999981e-05 3.261220000000000141e+02
1.795190000000000002e-05 3.710049999999999955e+02
2.016500000000000090e-05 4.120179999999999723e+02
2.265090000000000026e-05 4.491499999999999773e+02
2.544340000000000105e-05 4.825690000000000168e+02
2.858000000000000080e-05 5.125220000000000482e+02
3.210340000000000166e-05 5.392839999999999918e+02
3.606109999999999936e-05 5.631240000000000236e+02
4.050670000000000301e-05 5.842939999999999827e+02
4.550040000000000231e-05 6.030320000000000391e+02
5.110970000000000297e-05 6.195810000000000173e+02
5.741060000000000222e-05 6.341150000000000091e+02
6.448819999999999694e-05 6.468429999999999609e+02
7.243829999999999388e-05 6.579410000000000309e+02
8.136850000000000538e-05 6.675829999999999700e+02
9.139970000000000516e-05 6.759299999999999500e+02
1.026669999999999981e-04 6.831359999999999673e+02
1.153239999999999956e-04 6.893419999999999845e+02
1.295419999999999872e-04 6.946649999999999636e+02
1.455120000000000122e-04 6.991939999999999600e+02
1.634499999999999885e-04 7.030130000000000337e+02
1.835999999999999904e-04 7.062129999999999654e+02
2.062350000000000066e-04 7.088859999999999673e+02
2.316599999999999877e-04 7.111209999999999809e+02
2.602190000000000102e-04 7.129890000000000327e+02
2.922980000000000261e-04 7.145489999999999782e+02
3.283329999999999886e-04 7.158440000000000509e+02
3.688100000000000146e-04 7.169059999999999491e+02
4.142770000000000046e-04 7.177549999999999955e+02
4.653500000000000084e-04 7.184089999999999918e+02
5.227180000000000324e-04 7.188769999999999527e+02
5.871589999999999665e-04 7.191660000000000537e+02
6.595439999999999723e-04 7.192820000000000391e+02
7.408529999999999760e-04 7.192259999999999991e+02
8.321859999999999501e-04 7.189990000000000236e+02
9.347780000000000412e-04 7.186000000000000227e+02
1.050020000000000033e-03 7.180240000000000009e+02
1.179460000000000014e-03 7.172690000000000055e+02
1.324869999999999911e-03 7.163250000000000455e+02
1.488200000000000070e-03 7.151849999999999454e+02
1.671670000000000100e-03 7.138379999999999654e+02
1.877750000000000079e-03 7.122709999999999582e+02
2.109240000000000073e-03 7.104690000000000509e+02
2.369270000000000143e-03 7.084170000000000300e+02
2.661349999999999827e-03 7.060940000000000509e+02
2.989439999999999893e-03 7.034800000000000182e+02
3.357979999999999993e-03 7.005529999999999973e+02
3.771959999999999983e-03 6.972859999999999445e+02
4.236969999999999625e-03 6.936530000000000200e+02
4.759300000000000162e-03 6.896240000000000236e+02
5.346029999999999879e-03 6.851689999999999827e+02
6.005090000000000254e-03 6.802530000000000427e+02
6.745400000000000354e-03 6.748440000000000509e+02
7.576979999999999653e-03 6.689049999999999727e+02
8.511070000000000788e-03 6.623999999999999773e+02
9.560320000000000623e-03 6.552920000000000300e+02
1.073889999999999914e-02 6.475449999999999591e+02
1.206280000000000026e-02 6.391240000000000236e+02
1.354990000000000014e-02 6.299950000000000045e+02
1.522040000000000025e-02 6.201290000000000191e+02
1.709669999999999940e-02 6.094969999999999573e+02
1.920439999999999994e-02 5.980779999999999745e+02
2.157200000000000090e-02 5.858550000000000182e+02
2.423140000000000016e-02 5.728200000000000500e+02
2.721859999999999905e-02 5.589710000000000036e+02
3.057409999999999989e-02 5.443150000000000546e+02
3.434330000000000022e-02 5.288690000000000282e+02
3.857719999999999899e-02 5.126609999999999445e+02
4.333300000000000346e-02 4.957280000000000086e+02
4.867509999999999892e-02 4.781170000000000186e+02
5.467579999999999663e-02 4.598870000000000005e+02
6.141630000000000006e-02 4.411050000000000182e+02
6.898769999999999902e-02 4.218460000000000036e+02
7.749250000000000582e-02 4.021940000000000168e+02
8.704580000000000650e-02 3.822370000000000232e+02
9.777689999999999992e-02 3.620690000000000168e+02
1.098309999999999981e-01 3.417869999999999777e+02
1.233709999999999946e-01 3.214859999999999900e+02
1.385800000000000087e-01 3.012660000000000196e+02
1.556639999999999968e-01 2.812210000000000036e+02
1.748550000000000104e-01 2.614449999999999932e+02
1.964110000000000023e-01 2.420279999999999916e+02
2.206239999999999868e-01 2.230560000000000116e+02
2.478229999999999877e-01 2.046119999999999948e+02
2.783749999999999836e-01 1.867760000000000105e+02
3.126929999999999987e-01 1.696229999999999905e+02
3.512419999999999987e-01 1.532299999999999898e+02
3.945429999999999771e-01 1.376719999999999970e+02
4.431829999999999936e-01 1.230259999999999962e+02
4.978179999999999827e-01 1.093730000000000047e+02
5.591899999999999649e-01 9.680259999999999820e+01
6.281269999999999909e-01 8.541209999999999525e+01
7.055620000000000225e-01 7.531369999999999720e+01
7.925440000000000262e-01 6.663679999999999382e+01
8.902499999999999858e-01 5.953280000000000172e+01
1.000000000000000000e+00 5.318621066955246590e+01
