1.489459999999999942e-09 4.790970000000000000e+05
1.825150000000000051e-09 9.728360000000000000e+05
2.236499999999999877e-09 1.514040000000000000e+06
2.740559999999999892e-09 2.025020000000000000e+06
3.358210000000000132e-09 2.470880000000000000e+06
4.115079999999999815e-09 2.845990000000000000e+06
5.042520000000000078e-09 3.156360000000000000e+06
6.178990000000000394e-09 3.410620000000000000e+06
7.571589999999999907e-09 3.616960000000000000e+06
9.278049999999999823e-09 3.782890000000000000e+06
1.136909999999999954e-08 3.914680000000000000e+06
1.393139999999999927e-08 4.018150000000000000e+06
1.707130000000000080e-08 4.098560000000000000e+06
2.091870000000000057e-08 4.160540000000000000e+06
2.563340000000000042e-08 4.207600000000000000e+06
3.141050000000000191e-08 4.242480000000000000e+06
3.848969999999999955e-08 4.268060000000000000e+06
4.716439999999999980e-08 4.286880000000000000e+06
5.779419999999999880e-08 4.300670000000000000e+06
7.081970000000000516e-08 4.310460000000000000e+06
8.678080000000000374e-08 4.316820000000000000e+06
1.063389999999999968e-07 4.320060000000000000e+06
1.303060000000000023e-07 4.320320000000000000e+06
1.596730000000000031e-07 4.317640000000000000e+06
1.956599999999999931e-07 4.311980000000000000e+06
2.397569999999999942e-07 4.303200000000000000e+06
2.937930000000000156e-07 4.291040000000000000e+06
3.600080000000000034e-07 4.275190000000000000e+06
4.411450000000000238e-07 4.255200000000000000e+06
5.405689999999999484e-07 4.230540000000000000e+06
6.624010000000000298e-07 4.200560000000000000e+06
8.116900000000000374e-07 4.164540000000000000e+06
9.946270000000000826e-07 4.121650000000000000e+06
1.218790000000000023e-06 4.070960000000000000e+06
1.493480000000000056e-06 4.011550000000000000e+06
1.830079999999999934e-06 3.942420000000000000e+06
2.242530000000000110e-06 3.862670000000000000e+06
2.747950000000000092e-06 3.771460000000000000e+06
3.367269999999999949e-06 3.668190000000000000e+06
4.126179999999999854e-06 3.552490000000000000e+06
5.056120000000000305e-06 3.424370000000000000e+06
6.195660000000000410e-06 3.284280000000000000e+06
7.592020000000000031e-06 3.133140000000000000e+06
9.303079999999999366e-06 2.972360000000000000e+06
1.139980000000000053e-05 2.803770000000000000e+06
1.396899999999999958e-05 2.629580000000000000e+06
1.711729999999999957e-05 2.452220000000000000e+06
2.097519999999999867e-05 2.274210000000000000e+06
2.570249999999999998e-05 2.098010000000000000e+06
3.149530000000000320e-05 1.925890000000000000e+06
3.859360000000000264e-05 1.759810000000000000e+06
4.729169999999999988e-05 1.601350000000000000e+06
5.795009999999999934e-05 1.451710000000000000e+06
7.101069999999999420e-05 1.311690000000000000e+06
8.701489999999999930e-05 1.181730000000000000e+06
1.066260000000000054e-04 1.061950000000000000e+06
1.306570000000000062e-04 9.522050000000000000e+05
1.601039999999999972e-04 8.521810000000000000e+05
1.961879999999999993e-04 7.614040000000000000e+05
2.404039999999999975e-04 6.793160000000000000e+05
2.945860000000000015e-04 6.053060000000000000e+05
3.609789999999999874e-04 5.387440000000000000e+05
4.423350000000000263e-04 4.790020000000000000e+05
5.420270000000000470e-04 4.254740000000000000e+05
6.641870000000000022e-04 3.775830000000000000e+05
8.138800000000000071e-04 3.347870000000000000e+05
9.973099999999999500e-04 2.965870000000000000e+05
1.222079999999999955e-03 2.625220000000000000e+05
1.497510000000000074e-03 2.321720000000000000e+05
1.835009999999999983e-03 2.051560000000000000e+05
2.248580000000000023e-03 1.811270000000000000e+05
2.755360000000000101e-03 1.597720000000000000e+05
3.376360000000000125e-03 1.408090000000000000e+05
4.137309999999999946e-03 1.239830000000000000e+05
5.069760000000000412e-03 1.090660000000000000e+05
6.212370000000000045e-03 9.585000000000000000e+04
7.612500000000000343e-03 8.415100000000000000e+04
9.328180000000000152e-03 7.380210000000000582e+04
1.143049999999999969e-02 6.465409999999999854e+04
1.400670000000000040e-02 5.657300000000000000e+04
1.716350000000000167e-02 4.943890000000000146e+04
2.103179999999999980e-02 4.314450000000000000e+04
2.577180000000000096e-02 3.759390000000000146e+04
3.158020000000000271e-02 3.270150000000000000e+04
3.869770000000000154e-02 2.839090000000000146e+04
4.741920000000000163e-02 2.459429999999999927e+04
5.810640000000000249e-02 2.125120000000000073e+04
7.120229999999999615e-02 1.830809999999999854e+04
8.724959999999999660e-02 1.571779999999999927e+04
1.069139999999999951e-01 1.343829999999999927e+04
1.310099999999999876e-01 1.143310000000000036e+04
1.605360000000000120e-01 9.670010000000000218e+03
1.967170000000000030e-01 8.121399999999999636e+03
2.410529999999999895e-01 6.763489999999999782e+03
2.953799999999999759e-01 5.576319999999999709e+03
3.619519999999999960e-01 4.543600000000000364e+03
4.435279999999999778e-01 3.652719999999999800e+03
5.434889999999999999e-01 2.894789999999999964e+03
6.659789999999999877e-01 2.264929999999999836e+03
8.160749999999999948e-01 1.762640000000000100e+03
1.000000000000000000e+00 1.371740561053700048e+03
