1.276679999999999947e-05 5.589459999999999695e+01
1.428969999999999974e-05 8.645080000000000098e+01
1.599409999999999989e-05 1.203029999999999973e+02
1.790189999999999880e-05 1.554230000000000018e+02
2.003729999999999872e-05 1.901260000000000048e+02
2.242740000000000147e-05 2.232539999999999907e+02
2.510249999999999895e-05 2.541399999999999864e+02
2.809679999999999838e-05 2.825029999999999859e+02
3.144820000000000157e-05 3.082980000000000018e+02
3.519940000000000048e-05 3.316139999999999759e+02
3.939799999999999786e-05 3.526030000000000086e+02
4.409750000000000258e-05 3.714379999999999882e+02
4.935750000000000304e-05 3.882909999999999968e+02
5.524489999999999685e-05 4.033340000000000032e+02
6.183449999999999895e-05 4.167040000000000077e+02
6.921019999999999679e-05 4.285799999999999841e+02
7.746569999999999932e-05 4.390790000000000077e+02
8.670589999999999938e-05 4.483229999999999791e+02
9.704830000000000390e-05 4.564359999999999786e+02
1.086239999999999954e-04 4.635310000000000059e+02
1.215810000000000003e-04 4.697130000000000223e+02
1.360830000000000047e-04 4.750849999999999795e+02
1.523159999999999965e-04 4.797409999999999854e+02
1.704839999999999893e-04 4.837669999999999959e+02
1.908199999999999924e-04 4.872339999999999804e+02
2.135809999999999868e-04 4.901949999999999932e+02
2.390570000000000119e-04 4.927040000000000077e+02
2.675719999999999921e-04 4.948179999999999836e+02
2.994879999999999895e-04 4.965969999999999800e+02
3.352110000000000267e-04 4.980950000000000273e+02
3.751960000000000039e-04 4.993580000000000041e+02
4.199499999999999891e-04 5.004220000000000255e+02
4.700419999999999967e-04 5.013159999999999741e+02
5.261089999999999734e-04 5.020590000000000259e+02
5.888630000000000166e-04 5.026650000000000205e+02
6.591039999999999833e-04 5.031449999999999818e+02
7.377220000000000088e-04 5.035059999999999718e+02
8.257190000000000406e-04 5.037529999999999859e+02
9.242109999999999779e-04 5.038890000000000100e+02
1.034449999999999910e-03 5.039169999999999732e+02
1.157840000000000041e-03 5.038380000000000223e+02
1.295949999999999923e-03 5.036510000000000105e+02
1.450530000000000005e-03 5.033539999999999850e+02
1.623560000000000021e-03 5.029470000000000027e+02
1.817220000000000033e-03 5.024250000000000114e+02
2.033969999999999962e-03 5.017839999999999918e+02
2.276590000000000211e-03 5.010179999999999723e+02
2.548139999999999954e-03 5.001209999999999809e+02
2.852089999999999834e-03 4.990840000000000032e+02
3.192289999999999971e-03 4.978999999999999773e+02
3.573069999999999805e-03 4.965559999999999832e+02
3.999270000000000082e-03 4.950430000000000064e+02
4.476309999999999838e-03 4.933480000000000132e+02
5.010240000000000006e-03 4.914560000000000173e+02
5.607870000000000042e-03 4.893519999999999754e+02
6.276780000000000033e-03 4.870210000000000150e+02
7.025489999999999687e-03 4.844440000000000168e+02
7.863490000000000757e-03 4.816019999999999754e+02
8.801460000000000533e-03 4.784769999999999754e+02
9.851310000000000275e-03 4.750480000000000018e+02
1.102640000000000044e-02 4.712939999999999827e+02
1.234159999999999945e-02 4.671920000000000073e+02
1.381369999999999994e-02 4.627210000000000036e+02
1.546149999999999955e-02 4.578600000000000136e+02
1.730570000000000025e-02 4.525860000000000127e+02
1.936999999999999833e-02 4.468790000000000191e+02
2.168039999999999898e-02 4.407210000000000036e+02
2.426649999999999988e-02 4.340930000000000177e+02
2.716100000000000111e-02 4.269820000000000277e+02
3.040079999999999866e-02 4.193740000000000236e+02
3.402709999999999763e-02 4.112629999999999768e+02
3.808589999999999892e-02 4.026429999999999723e+02
4.262880000000000141e-02 3.935140000000000100e+02
4.771360000000000184e-02 3.838829999999999814e+02
5.340500000000000108e-02 3.737590000000000146e+02
5.977520000000000056e-02 3.631580000000000155e+02
6.690519999999999801e-02 3.521019999999999754e+02
7.488569999999999949e-02 3.406179999999999950e+02
8.381819999999999549e-02 3.287359999999999900e+02
9.381609999999999949e-02 3.164950000000000045e+02
1.050070000000000031e-01 3.039359999999999786e+02
1.175319999999999976e-01 2.911019999999999754e+02
1.315510000000000013e-01 2.780439999999999827e+02
1.472430000000000128e-01 2.648100000000000023e+02
1.648060000000000080e-01 2.514540000000000077e+02
1.844639999999999891e-01 2.380289999999999964e+02
2.064670000000000116e-01 2.245900000000000034e+02
2.310949999999999949e-01 2.111930000000000121e+02
2.586600000000000010e-01 1.978919999999999959e+02
2.895139999999999936e-01 1.847439999999999998e+02
3.240469999999999740e-01 1.718060000000000116e+02
3.627000000000000224e-01 1.591339999999999861e+02
4.059630000000000183e-01 1.467909999999999968e+02
4.543869999999999854e-01 1.348379999999999939e+02
5.085870000000000113e-01 1.233430000000000035e+02
5.692509999999999515e-01 1.123820000000000050e+02
6.371520000000000516e-01 1.020360000000000014e+02
7.131530000000000369e-01 9.239960000000000662e+01
7.982179999999999831e-01 8.357850000000000534e+01
8.934309999999999752e-01 7.569660000000000366e+01
1.000000000000000000e+00 6.855807722196895782e+01
