1.489459999999999959e-03 4.791050000000000031e-01
1.589640000000000020e-03 6.257960000000000189e-01
1.696559999999999952e-03 7.846910000000000274e-01
1.810669999999999901e-03 9.519149999999999556e-01
1.932450000000000053e-03 1.124160000000000048e+00
2.062420000000000139e-03 1.298329999999999984e+00
2.201139999999999868e-03 1.471659999999999968e+00
2.349190000000000132e-03 1.641950000000000021e+00
2.507189999999999853e-03 1.807520000000000016e+00
2.675820000000000195e-03 1.967170000000000085e+00
2.855789999999999978e-03 2.120109999999999939e+00
3.047869999999999833e-03 2.265899999999999803e+00
3.252860000000000213e-03 2.404329999999999856e+00
3.471650000000000170e-03 2.535379999999999967e+00
3.705149999999999937e-03 2.659180000000000099e+00
3.954349999999999705e-03 2.775900000000000034e+00
4.220309999999999687e-03 2.885790000000000077e+00
4.504170000000000049e-03 2.989120000000000221e+00
4.807109999999999855e-03 3.086180000000000145e+00
5.130430000000000060e-03 3.177259999999999973e+00
5.475500000000000332e-03 3.262630000000000141e+00
5.843769999999999867e-03 3.342569999999999819e+00
6.236819999999999690e-03 3.417370000000000019e+00
6.656300000000000411e-03 3.487249999999999961e+00
7.103990000000000131e-03 3.552379999999999871e+00
7.581799999999999651e-03 3.613249999999999851e+00
8.091740000000000044e-03 3.669890000000000096e+00
8.635979999999999698e-03 3.722570000000000157e+00
9.216820000000000568e-03 3.771450000000000191e+00
9.836730000000000126e-03 3.816749999999999865e+00
1.049830000000000034e-02 3.858699999999999797e+00
1.120439999999999978e-02 3.897460000000000147e+00
1.195799999999999988e-02 3.933209999999999873e+00
1.276230000000000073e-02 3.966140000000000221e+00
1.362069999999999947e-02 3.996410000000000018e+00
1.453680000000000076e-02 4.024180000000000312e+00
1.551450000000000051e-02 4.049629999999999619e+00
1.655799999999999980e-02 4.072890000000000121e+00
1.767169999999999852e-02 4.094109999999999694e+00
1.886029999999999998e-02 4.113430000000000142e+00
2.012879999999999878e-02 4.130950000000000344e+00
2.148260000000000100e-02 4.146770000000000067e+00
2.292749999999999996e-02 4.160980000000000345e+00
2.446960000000000107e-02 4.173639999999999795e+00
2.611540000000000042e-02 4.184849999999999959e+00
2.787190000000000153e-02 4.194689999999999586e+00
2.974649999999999864e-02 4.203260000000000218e+00
3.174720000000000319e-02 4.210639999999999716e+00
3.388250000000000289e-02 4.216920000000000002e+00
3.616140000000000326e-02 4.222179999999999822e+00
3.859359999999999874e-02 4.226490000000000080e+00
4.118929999999999814e-02 4.229910000000000281e+00
4.395960000000000145e-02 4.232479999999999798e+00
4.691630000000000106e-02 4.234239999999999782e+00
5.007179999999999964e-02 4.235240000000000116e+00
5.343959999999999683e-02 4.235479999999999912e+00
5.703389999999999849e-02 4.234980000000000189e+00
6.086989999999999762e-02 4.233740000000000059e+00
6.496390000000000498e-02 4.231779999999999653e+00
6.933330000000000048e-02 4.229079999999999728e+00
7.399659999999999571e-02 4.225629999999999775e+00
7.897350000000000203e-02 4.221429999999999794e+00
8.428520000000000456e-02 4.216459999999999653e+00
8.995409999999999517e-02 4.210700000000000109e+00
9.600430000000000075e-02 4.204119999999999635e+00
1.024609999999999965e-01 4.196699999999999875e+00
1.093530000000000058e-01 4.188419999999999810e+00
1.167080000000000062e-01 4.179249999999999687e+00
1.245570000000000010e-01 4.169150000000000134e+00
1.329349999999999976e-01 4.158089999999999620e+00
1.418760000000000021e-01 4.146029999999999660e+00
1.514179999999999970e-01 4.132939999999999614e+00
1.616029999999999966e-01 4.118780000000000108e+00
1.724719999999999864e-01 4.103500000000000369e+00
1.840720000000000134e-01 4.087060000000000137e+00
1.964519999999999877e-01 4.069429999999999659e+00
2.096659999999999913e-01 4.050550000000000317e+00
2.237669999999999937e-01 4.030380000000000074e+00
2.388180000000000025e-01 4.008890000000000065e+00
2.548799999999999955e-01 3.986029999999999962e+00
2.720230000000000148e-01 3.961759999999999948e+00
2.903189999999999937e-01 3.936049999999999827e+00
3.098460000000000103e-01 3.908859999999999779e+00
3.306850000000000067e-01 3.880180000000000184e+00
3.529269999999999907e-01 3.849979999999999958e+00
3.766639999999999988e-01 3.818259999999999987e+00
4.019980000000000220e-01 3.785019999999999829e+00
4.290359999999999729e-01 3.750280000000000058e+00
4.578929999999999945e-01 3.714090000000000114e+00
4.886900000000000133e-01 3.676489999999999814e+00
5.215579999999999661e-01 3.637570000000000192e+00
5.566379999999999661e-01 3.597449999999999815e+00
5.940760000000000485e-01 3.556280000000000108e+00
6.340329999999999577e-01 3.514240000000000030e+00
6.766780000000000017e-01 3.471579999999999888e+00
7.221899999999999986e-01 3.428589999999999804e+00
7.707640000000000047e-01 3.385639999999999983e+00
8.226040000000000019e-01 3.343179999999999819e+00
8.779310000000000169e-01 3.301730000000000054e+00
9.369800000000000351e-01 3.261940000000000062e+00
1.000000000000000000e+00 3.222629875357548190e+00
