1.276679999999999981e-04 5.588040000000000340e+00
1.396439999999999932e-04 7.983830000000000204e+00
1.527429999999999977e-04 1.061720000000000041e+01
1.670710000000000001e-04 1.338030000000000008e+01
1.827420000000000064e-04 1.617749999999999844e+01
1.998839999999999992e-04 1.893110000000000070e+01
2.186339999999999941e-04 2.158490000000000109e+01
2.391430000000000107e-04 2.410300000000000153e+01
2.615750000000000020e-04 2.646600000000000108e+01
2.861110000000000259e-04 2.866629999999999967e+01
3.129499999999999903e-04 3.070429999999999993e+01
3.423049999999999964e-04 3.258469999999999800e+01
3.744150000000000126e-04 3.431499999999999773e+01
4.095360000000000038e-04 3.590350000000000108e+01
4.479519999999999964e-04 3.735920000000000130e+01
4.899709999999999612e-04 3.869080000000000297e+01
5.359320000000000316e-04 3.990659999999999741e+01
5.862040000000000002e-04 4.101370000000000005e+01
6.411919999999999556e-04 4.202100000000000080e+01
7.013370000000000107e-04 4.293560000000000088e+01
7.671250000000000117e-04 4.376319999999999766e+01
8.390840000000000321e-04 4.451030000000000086e+01
9.177929999999999726e-04 4.518310000000000315e+01
1.003879999999999963e-03 4.578730000000000189e+01
1.098049999999999938e-03 4.632840000000000202e+01
1.201049999999999948e-03 4.681159999999999854e+01
1.313719999999999992e-03 4.724210000000000065e+01
1.436949999999999989e-03 4.762449999999999761e+01
1.571740000000000073e-03 4.796350000000000335e+01
1.719169999999999900e-03 4.826299999999999812e+01
1.880429999999999992e-03 4.852620000000000289e+01
2.056820000000000002e-03 4.875569999999999737e+01
2.249759999999999954e-03 4.895400000000000063e+01
2.460799999999999967e-03 4.912389999999999901e+01
2.691629999999999977e-03 4.926830000000000354e+01
2.944110000000000216e-03 4.939000000000000057e+01
3.220269999999999903e-03 4.949159999999999826e+01
3.522350000000000047e-03 4.957540000000000191e+01
3.852749999999999838e-03 4.964320000000000022e+01
4.214149999999999840e-03 4.969639999999999702e+01
4.609460000000000120e-03 4.973629999999999995e+01
5.041839999999999690e-03 4.976350000000000051e+01
5.514780000000000376e-03 4.977859999999999729e+01
6.032080000000000428e-03 4.978190000000000026e+01
6.597910000000000233e-03 4.977360000000000184e+01
7.216809999999999718e-03 4.975370000000000203e+01
7.893769999999999606e-03 4.972200000000000131e+01
8.634229999999999683e-03 4.967849999999999966e+01
9.444150000000000114e-03 4.962270000000000181e+01
1.033000000000000064e-02 4.955440000000000111e+01
1.129900000000000002e-02 4.947310000000000230e+01
1.235890000000000079e-02 4.937830000000000297e+01
1.351819999999999931e-02 4.926930000000000121e+01
1.478630000000000048e-02 4.914540000000000219e+01
1.617330000000000156e-02 4.900580000000000069e+01
1.769039999999999849e-02 4.884969999999999857e+01
1.934980000000000033e-02 4.867609999999999815e+01
2.116490000000000038e-02 4.848380000000000223e+01
2.315019999999999925e-02 4.827170000000000272e+01
2.532179999999999848e-02 4.803840000000000288e+01
2.769699999999999940e-02 4.778269999999999840e+01
3.029509999999999842e-02 4.750289999999999679e+01
3.313689999999999691e-02 4.719740000000000180e+01
3.624519999999999825e-02 4.686449999999999960e+01
3.964510000000000256e-02 4.650229999999999819e+01
4.336399999999999977e-02 4.610900000000000176e+01
4.743159999999999737e-02 4.568229999999999791e+01
5.188090000000000063e-02 4.522019999999999840e+01
5.674749999999999933e-02 4.472050000000000125e+01
6.207059999999999661e-02 4.418070000000000164e+01
6.789299999999999502e-02 4.359859999999999758e+01
7.426149999999999418e-02 4.297160000000000224e+01
8.122749999999999415e-02 4.229729999999999990e+01
8.884690000000000643e-02 4.157330000000000325e+01
9.718100000000000349e-02 4.079719999999999658e+01
1.062970000000000026e-01 3.996659999999999968e+01
1.162679999999999964e-01 3.907950000000000301e+01
1.271740000000000093e-01 3.813380000000000081e+01
1.391040000000000054e-01 3.712789999999999679e+01
1.521520000000000095e-01 3.606049999999999756e+01
1.664239999999999886e-01 3.493059999999999832e+01
1.820350000000000024e-01 3.373799999999999955e+01
1.991110000000000102e-01 3.248299999999999699e+01
2.177880000000000094e-01 3.116669999999999874e+01
2.382170000000000121e-01 2.979129999999999967e+01
2.605629999999999891e-01 2.835999999999999943e+01
2.850039999999999796e-01 2.687730000000000175e+01
3.117389999999999883e-01 2.534919999999999973e+01
3.409809999999999786e-01 2.378320000000000078e+01
3.729660000000000197e-01 2.218909999999999982e+01
4.079510000000000081e-01 2.057839999999999847e+01
4.462180000000000035e-01 1.896529999999999916e+01
4.880749999999999811e-01 1.736649999999999849e+01
5.338580000000000547e-01 1.580160000000000053e+01
5.839360000000000106e-01 1.429349999999999987e+01
6.387110000000000287e-01 1.286860000000000070e+01
6.986240000000000228e-01 1.155710000000000015e+01
7.641569999999999752e-01 1.039329999999999998e+01
8.358370000000000521e-01 9.416439999999999699e+00
9.142409999999999703e-01 8.670349999999999113e+00
1.000000000000000000e+00 7.983371263880772339e+00
