8.936770000000000356e-09 7.984939999999999418e+04
1.075649999999999941e-08 1.543250000000000000e+05
1.294659999999999994e-08 2.365280000000000000e+05
1.558280000000000041e-08 3.159190000000000000e+05
1.875569999999999966e-08 3.869810000000000000e+05
2.257469999999999898e-08 4.481930000000000000e+05
2.717129999999999860e-08 4.999630000000000000e+05
3.270380000000000198e-08 5.433150000000000000e+05
3.936280000000000225e-08 5.793480000000000000e+05
4.737779999999999825e-08 6.090480000000000000e+05
5.702469999999999975e-08 6.333540000000000000e+05
6.863579999999999577e-08 6.530270000000000000e+05
8.261119999999999530e-08 6.688010000000000000e+05
9.943230000000000290e-08 6.813390000000000000e+05
1.196779999999999947e-07 6.912390000000000000e+05
1.440469999999999928e-07 6.989800000000000000e+05
1.733770000000000046e-07 7.049080000000000000e+05
2.086800000000000131e-07 7.093830000000000000e+05
2.511699999999999919e-07 7.127580000000000000e+05
3.023129999999999887e-07 7.153080000000000000e+05
3.638690000000000139e-07 7.172190000000000000e+05
4.379579999999999834e-07 7.186010000000000000e+05
5.271339999999999873e-07 7.195160000000000000e+05
6.344669999999999598e-07 7.199990000000000000e+05
7.636550000000000179e-07 7.200700000000000000e+05
9.191479999999999664e-07 7.197360000000000000e+05
1.106299999999999894e-06 7.189900000000000000e+05
1.331560000000000046e-06 7.178180000000000000e+05
1.602690000000000066e-06 7.161940000000000000e+05
1.929030000000000062e-06 7.140800000000000000e+05
2.321809999999999798e-06 7.114290000000000000e+05
2.794569999999999910e-06 7.081800000000000000e+05
3.363590000000000012e-06 7.042610000000000000e+05
4.048469999999999882e-06 6.995890000000000000e+05
4.872810000000000022e-06 6.940690000000000000e+05
5.864989999999999898e-06 6.875950000000000000e+05
7.059200000000000107e-06 6.800540000000000000e+05
8.496570000000000544e-06 6.713260000000000000e+05
1.022659999999999963e-05 6.612860000000000000e+05
1.230890000000000001e-05 6.498180000000000000e+05
1.481520000000000005e-05 6.368090000000000000e+05
1.783190000000000117e-05 6.221680000000000000e+05
2.146270000000000035e-05 6.058290000000000000e+05
2.583290000000000130e-05 5.877610000000000000e+05
3.109290000000000177e-05 5.679800000000000000e+05
3.742389999999999926e-05 5.465500000000000000e+05
4.504409999999999789e-05 5.235930000000000000e+05
5.421579999999999683e-05 4.992860000000000000e+05
6.525499999999999779e-05 4.738560000000000000e+05
7.854199999999999442e-05 4.475750000000000000e+05
9.453449999999999419e-05 4.207440000000000000e+05
1.137830000000000048e-04 3.936800000000000000e+05
1.369510000000000107e-04 3.667000000000000000e+05
1.648370000000000076e-04 3.401070000000000000e+05
1.984010000000000135e-04 3.141730000000000000e+05
2.387979999999999996e-04 2.891340000000000000e+05
2.874220000000000138e-04 2.651810000000000000e+05
3.459460000000000248e-04 2.424590000000000000e+05
4.163859999999999805e-04 2.210690000000000000e+05
5.011689999999999852e-04 2.010680000000000000e+05
6.032150000000000446e-04 1.824780000000000000e+05
7.260399999999999536e-04 1.652880000000000000e+05
8.738739999999999616e-04 1.494640000000000000e+05
1.051810000000000028e-03 1.349540000000000000e+05
1.265969999999999943e-03 1.216910000000000000e+05
1.523749999999999931e-03 1.096020000000000000e+05
1.834010000000000067e-03 9.860889999999999418e+04
2.207440000000000183e-03 8.863100000000000000e+04
2.656920000000000115e-03 7.958960000000000582e+04
3.197909999999999989e-03 7.140789999999999418e+04
3.849060000000000068e-03 6.401290000000000146e+04
4.632790000000000345e-03 5.733540000000000146e+04
5.576099999999999633e-03 5.131109999999999854e+04
6.711489999999999644e-03 4.588030000000000291e+04
8.078059999999999755e-03 4.098780000000000291e+04
9.722889999999999658e-03 3.658300000000000000e+04
1.170260000000000050e-02 3.261970000000000073e+04
1.408550000000000080e-02 2.905540000000000146e+04
1.695349999999999982e-02 2.585170000000000073e+04
2.040550000000000003e-02 2.297350000000000000e+04
2.456039999999999959e-02 2.038870000000000073e+04
2.956140000000000156e-02 1.806840000000000146e+04
3.558050000000000102e-02 1.598629999999999927e+04
4.282529999999999670e-02 1.411850000000000000e+04
5.154530000000000223e-02 1.244350000000000000e+04
6.204080000000000011e-02 1.094160000000000036e+04
7.467329999999999801e-02 9.595219999999999345e+03
8.987799999999999956e-02 8.388540000000000873e+03
1.081789999999999974e-01 7.307289999999999964e+03
1.302059999999999884e-01 6.338729999999999563e+03
1.567179999999999962e-01 5.471529999999999745e+03
1.886279999999999901e-01 4.695720000000000255e+03
2.270359999999999878e-01 4.002599999999999909e+03
2.732640000000000069e-01 3.384730000000000018e+03
3.289050000000000029e-01 2.835900000000000091e+03
3.958760000000000057e-01 2.351170000000000073e+03
4.764829999999999899e-01 1.926910000000000082e+03
5.735029999999999850e-01 1.560910000000000082e+03
6.902770000000000294e-01 1.252509999999999991e+03
8.308290000000000397e-01 1.002799999999999955e+03
1.000000000000000000e+00 8.028738597259896324e+02
