1.117100000000000070e-06 6.387939999999999827e+02
1.281179999999999988e-06 1.069329999999999927e+03
1.469360000000000023e-06 1.547910000000000082e+03
1.685189999999999912e-06 2.035000000000000000e+03
1.932710000000000000e-06 2.501679999999999836e+03
2.216589999999999813e-06 2.931849999999999909e+03
2.542170000000000006e-06 3.319300000000000182e+03
2.915579999999999959e-06 3.663690000000000055e+03
3.343820000000000199e-06 3.967429999999999836e+03
3.834980000000000000e-06 4.233930000000000291e+03
4.398270000000000327e-06 4.466800000000000182e+03
5.044300000000000137e-06 4.669420000000000073e+03
5.785219999999999813e-06 4.844920000000000073e+03
6.634969999999999597e-06 4.996420000000000073e+03
7.609530000000000139e-06 5.126289999999999964e+03
8.727250000000000171e-06 5.237100000000000364e+03
1.000910000000000044e-05 5.331140000000000327e+03
1.147930000000000036e-05 5.410550000000000182e+03
1.316539999999999934e-05 5.477350000000000364e+03
1.509919999999999936e-05 5.533359999999999673e+03
1.731700000000000039e-05 5.580020000000000437e+03
1.986060000000000090e-05 5.618420000000000073e+03
2.277780000000000069e-05 5.649699999999999818e+03
2.612340000000000132e-05 5.675060000000000400e+03
2.996049999999999885e-05 5.695649999999999636e+03
3.436119999999999892e-05 5.712390000000000327e+03
3.940830000000000011e-05 5.725979999999999563e+03
4.519670000000000046e-05 5.736909999999999854e+03
5.183530000000000158e-05 5.745510000000000218e+03
5.944899999999999951e-05 5.751989999999999782e+03
6.818100000000000332e-05 5.756500000000000000e+03
7.819570000000000080e-05 5.759130000000000109e+03
8.968130000000000481e-05 5.759939999999999600e+03
1.028540000000000015e-04 5.758960000000000036e+03
1.179610000000000044e-04 5.756180000000000291e+03
1.352880000000000098e-04 5.751579999999999927e+03
1.551590000000000098e-04 5.745109999999999673e+03
1.779499999999999886e-04 5.736680000000000291e+03
2.040870000000000130e-04 5.726189999999999600e+03
2.340640000000000006e-04 5.713520000000000437e+03
2.684440000000000068e-04 5.698500000000000000e+03
3.078739999999999732e-04 5.680939999999999600e+03
3.530960000000000088e-04 5.660619999999999891e+03
4.049599999999999988e-04 5.637310000000000400e+03
4.644410000000000075e-04 5.610720000000000255e+03
5.326600000000000128e-04 5.580560000000000400e+03
6.108980000000000183e-04 5.546500000000000000e+03
7.006290000000000304e-04 5.508170000000000073e+03
8.035390000000000327e-04 5.465210000000000036e+03
9.215659999999999651e-04 5.417229999999999563e+03
1.056929999999999979e-03 5.363810000000000400e+03
1.212170000000000044e-03 5.304550000000000182e+03
1.390219999999999954e-03 5.239060000000000400e+03
1.594420000000000039e-03 5.166930000000000291e+03
1.828610000000000044e-03 5.087829999999999927e+03
2.097200000000000019e-03 5.001439999999999600e+03
2.405249999999999836e-03 4.907529999999999745e+03
2.758539999999999864e-03 4.805909999999999854e+03
3.163720000000000074e-03 4.696529999999999745e+03
3.628419999999999822e-03 4.579430000000000291e+03
4.161370000000000173e-03 4.454770000000000437e+03
4.772600000000000106e-03 4.322850000000000364e+03
5.473620000000000221e-03 4.184100000000000364e+03
6.277600000000000367e-03 4.039090000000000146e+03
7.199670000000000028e-03 3.888519999999999982e+03
8.257179999999999381e-03 3.733199999999999818e+03
9.470019999999999133e-03 3.574050000000000182e+03
1.086100000000000086e-02 3.412039999999999964e+03
1.245630000000000001e-02 3.248210000000000036e+03
1.428590000000000068e-02 3.083599999999999909e+03
1.638430000000000095e-02 2.919250000000000000e+03
1.879079999999999986e-02 2.756150000000000091e+03
2.155090000000000131e-02 2.595239999999999782e+03
2.471639999999999948e-02 2.437369999999999891e+03
2.834679999999999839e-02 2.283289999999999964e+03
3.251040000000000180e-02 2.133659999999999854e+03
3.728569999999999801e-02 1.989009999999999991e+03
4.276230000000000309e-02 1.849769999999999982e+03
4.904329999999999801e-02 1.716240000000000009e+03
5.624699999999999839e-02 1.588650000000000091e+03
6.450870000000000215e-02 1.467109999999999900e+03
7.398390000000000521e-02 1.351660000000000082e+03
8.485090000000000687e-02 1.242269999999999982e+03
9.731399999999999773e-02 1.138849999999999909e+03
1.116079999999999989e-01 1.041259999999999991e+03
1.280010000000000037e-01 9.493460000000000036e+02
1.468019999999999881e-01 8.629049999999999727e+02
1.683649999999999869e-01 7.817409999999999854e+02
1.930949999999999889e-01 7.056480000000000246e+02
2.214569999999999872e-01 6.344289999999999736e+02
2.539859999999999896e-01 5.679020000000000437e+02
2.912919999999999954e-01 5.059069999999999823e+02
3.340779999999999861e-01 4.483149999999999977e+02
3.831479999999999886e-01 3.950350000000000250e+02
4.394259999999999833e-01 3.460230000000000246e+02
5.039700000000000291e-01 3.012939999999999827e+02
5.779940000000000078e-01 2.609279999999999973e+02
6.628920000000000368e-01 2.250829999999999984e+02
7.602590000000000181e-01 1.940120000000000005e+02
8.719289999999999541e-01 1.680749999999999886e+02
1.000000000000000000e+00 1.456056923189368888e+02
