8.936770000000000356e-09 7.984939999999999418e+04
1.075649999999999941e-08 1.543250000000000000e+05
1.294659999999999994e-08 2.365280000000000000e+05
1.558280000000000041e-08 3.159190000000000000e+05
1.875569999999999966e-08 3.869810000000000000e+05
2.257469999999999898e-08 4.481930000000000000e+05
2.717129999999999860e-08 4.999630000000000000e+05
3.270380000000000198e-08 5.433150000000000000e+05
3.936280000000000225e-08 5.793480000000000000e+05
4.737779999999999825e-08 6.090480000000000000e+05
5.702469999999999975e-08 6.333530000000000000e+05
6.863579999999999577e-08 6.530270000000000000e+05
8.261119999999999530e-08 6.688010000000000000e+05
9.943230000000000290e-08 6.813380000000000000e+05
1.196779999999999947e-07 6.912380000000000000e+05
1.440469999999999928e-07 6.989790000000000000e+05
1.733770000000000046e-07 7.049070000000000000e+05
2.086800000000000131e-07 7.093820000000000000e+05
2.511699999999999919e-07 7.127560000000000000e+05
3.023129999999999887e-07 7.153070000000000000e+05
3.638690000000000139e-07 7.172180000000000000e+05
4.379579999999999834e-07 7.186000000000000000e+05
5.271339999999999873e-07 7.195140000000000000e+05
6.344669999999999598e-07 7.199980000000000000e+05
7.636550000000000179e-07 7.200700000000000000e+05
9.191479999999999664e-07 7.197350000000000000e+05
1.106299999999999894e-06 7.189890000000000000e+05
1.331560000000000046e-06 7.178180000000000000e+05
1.602690000000000066e-06 7.161930000000000000e+05
1.929030000000000062e-06 7.140800000000000000e+05
2.321809999999999798e-06 7.114290000000000000e+05
2.794569999999999910e-06 7.081800000000000000e+05
3.363590000000000012e-06 7.042620000000000000e+05
4.048469999999999882e-06 6.995910000000000000e+05
4.872810000000000022e-06 6.940710000000000000e+05
5.864989999999999898e-06 6.875990000000000000e+05
7.059200000000000107e-06 6.800590000000000000e+05
8.496570000000000544e-06 6.713310000000000000e+05
1.022659999999999963e-05 6.612930000000000000e+05
1.230890000000000001e-05 6.498250000000000000e+05
1.481520000000000005e-05 6.368180000000000000e+05
1.783190000000000117e-05 6.221790000000000000e+05
2.146270000000000035e-05 6.058420000000000000e+05
2.583290000000000130e-05 5.877760000000000000e+05
3.109290000000000177e-05 5.679970000000000000e+05
3.742389999999999926e-05 5.465700000000000000e+05
4.504409999999999789e-05 5.236160000000000000e+05
5.421579999999999683e-05 4.993110000000000000e+05
6.525499999999999779e-05 4.738840000000000000e+05
7.854199999999999442e-05 4.476060000000000000e+05
9.453449999999999419e-05 4.207770000000000000e+05
1.137830000000000048e-04 3.937160000000000000e+05
1.369510000000000107e-04 3.667390000000000000e+05
1.648370000000000076e-04 3.401480000000000000e+05
1.984010000000000135e-04 3.142170000000000000e+05
2.387979999999999996e-04 2.891790000000000000e+05
2.874220000000000138e-04 2.652280000000000000e+05
3.459460000000000248e-04 2.425070000000000000e+05
4.163859999999999805e-04 2.211180000000000000e+05
5.011689999999999852e-04 2.011180000000000000e+05
6.032150000000000446e-04 1.825270000000000000e+05
7.260399999999999536e-04 1.653370000000000000e+05
8.738739999999999616e-04 1.495130000000000000e+05
1.051810000000000028e-03 1.350010000000000000e+05
1.265969999999999943e-03 1.217380000000000000e+05
1.523749999999999931e-03 1.096480000000000000e+05
1.834010000000000067e-03 9.865269999999999709e+04
2.207440000000000183e-03 8.867319999999999709e+04
2.656920000000000115e-03 7.963000000000000000e+04
3.197909999999999989e-03 7.144660000000000582e+04
3.849060000000000068e-03 6.404969999999999709e+04
4.632790000000000345e-03 5.737030000000000291e+04
5.576099999999999633e-03 5.134419999999999709e+04
6.711489999999999644e-03 4.591150000000000000e+04
8.078059999999999755e-03 4.101709999999999854e+04
9.722889999999999658e-03 3.661059999999999854e+04
1.170260000000000050e-02 3.264550000000000000e+04
1.408550000000000080e-02 2.907950000000000000e+04
1.695349999999999982e-02 2.587420000000000073e+04
2.040550000000000003e-02 2.299429999999999927e+04
2.456039999999999959e-02 2.040809999999999854e+04
2.956140000000000156e-02 1.808629999999999927e+04
3.558050000000000102e-02 1.600289999999999964e+04
4.282529999999999670e-02 1.413379999999999927e+04
5.154530000000000223e-02 1.245750000000000000e+04
6.204080000000000011e-02 1.095439999999999964e+04
7.467329999999999801e-02 9.606959999999999127e+03
8.987799999999999956e-02 8.399250000000000000e+03
1.081789999999999974e-01 7.317029999999999745e+03
1.302059999999999884e-01 6.347550000000000182e+03
1.567179999999999962e-01 5.479500000000000000e+03
1.886279999999999901e-01 4.702880000000000109e+03
2.270359999999999878e-01 4.009010000000000218e+03
2.732640000000000069e-01 3.390429999999999836e+03
3.289050000000000029e-01 2.840929999999999836e+03
3.958760000000000057e-01 2.355570000000000164e+03
4.764829999999999899e-01 1.930720000000000027e+03
5.735029999999999850e-01 1.564160000000000082e+03
6.902770000000000294e-01 1.255220000000000027e+03
8.308290000000000397e-01 1.005000000000000000e+03
1.000000000000000000e+00 8.046594993388891908e+02
