1.489459999999999916e-11 4.790970000000000000e+07
1.911170000000000145e-11 1.094720000000000000e+08
2.452270000000000092e-11 1.752260000000000000e+08
3.146580000000000109e-11 2.335680000000000000e+08
4.037459999999999802e-11 2.813540000000000000e+08
5.180579999999999883e-11 3.193130000000000000e+08
6.647340000000000229e-11 3.489980000000000000e+08
8.529380000000000639e-11 3.718850000000000000e+08
1.094429999999999988e-10 3.892470000000000000e+08
1.404289999999999914e-10 4.021870000000000000e+08
1.801880000000000089e-10 4.116810000000000000e+08
2.312050000000000045e-10 4.185530000000000000e+08
2.966649999999999780e-10 4.233770000000000000e+08
3.806589999999999983e-10 4.266870000000000000e+08
4.884329999999999614e-10 4.289600000000000000e+08
6.267219999999999995e-10 4.305070000000000000e+08
8.041639999999999746e-10 4.314890000000000000e+08
1.031849999999999906e-09 4.319850000000000000e+08
1.323990000000000098e-09 4.320290000000000000e+08
1.698849999999999981e-09 4.316300000000000000e+08
2.179840000000000198e-09 4.307770000000000000e+08
2.797010000000000043e-09 4.294350000000000000e+08
3.588910000000000173e-09 4.275500000000000000e+08
4.605030000000000175e-09 4.250430000000000000e+08
5.908839999999999626e-09 4.218140000000000000e+08
7.581800000000000433e-09 4.177380000000000000e+08
9.728409999999999496e-09 4.126700000000000000e+08
1.248280000000000078e-08 4.064470000000000000e+08
1.601700000000000042e-08 3.988920000000000000e+08
2.055189999999999890e-08 3.898280000000000000e+08
2.637059999999999991e-08 3.790920000000000000e+08
3.383690000000000172e-08 3.665580000000000000e+08
4.341699999999999762e-08 3.521570000000000000e+08
5.570959999999999878e-08 3.359000000000000000e+08
7.148250000000000498e-08 3.179030000000000000e+08
9.172109999999999669e-08 2.983870000000000000e+08
1.176900000000000037e-07 2.776790000000000000e+08
1.510110000000000014e-07 2.561840000000000000e+08
1.937659999999999895e-07 2.343580000000000000e+08
2.486269999999999935e-07 2.126620000000000000e+08
3.190200000000000072e-07 1.915250000000000000e+08
4.093430000000000147e-07 1.713100000000000000e+08
5.252389999999999826e-07 1.522990000000000000e+08
6.739489999999999953e-07 1.346810000000000000e+08
8.647619999999999716e-07 1.185630000000000000e+08
1.109599999999999930e-06 1.039760000000000000e+08
1.423759999999999985e-06 9.089050000000000000e+07
1.826859999999999988e-06 7.923910000000000000e+07
2.344100000000000139e-06 6.892540000000000000e+07
3.007769999999999834e-06 5.983860000000000000e+07
3.859359999999999587e-06 5.186270000000000000e+07
4.952039999999999601e-06 4.488260000000000000e+07
6.354099999999999862e-06 3.878860000000000000e+07
8.153119999999999622e-06 3.347860000000000000e+07
1.046149999999999970e-05 2.885960000000000000e+07
1.342339999999999925e-05 2.484760000000000000e+07
1.722399999999999975e-05 2.136760000000000000e+07
2.210049999999999957e-05 1.835310000000000000e+07
2.835780000000000147e-05 1.574520000000000000e+07
3.638670000000000180e-05 1.349180000000000000e+07
4.668869999999999905e-05 1.154740000000000000e+07
5.990750000000000198e-05 9.871670000000000000e+06
7.686899999999999874e-05 8.429430000000000000e+06
9.863269999999999503e-05 7.189740000000000000e+06
1.265580000000000036e-04 6.125520000000000000e+06
1.623899999999999953e-04 5.213110000000000000e+06
2.083680000000000081e-04 4.431850000000000000e+06
2.673619999999999925e-04 3.763710000000000000e+06
3.430600000000000121e-04 3.193000000000000000e+06
4.401890000000000100e-04 2.706090000000000000e+06
5.648180000000000258e-04 2.291160000000000000e+06
7.247339999999999902e-04 1.937960000000000000e+06
9.299259999999999731e-04 1.637630000000000000e+06
1.193210000000000104e-03 1.382530000000000000e+06
1.531040000000000005e-03 1.166060000000000000e+06
1.964519999999999982e-03 9.825610000000000000e+05
2.520730000000000106e-03 8.271480000000000000e+05
3.234420000000000003e-03 6.956450000000000000e+05
4.150179999999999841e-03 5.844680000000000000e+05
5.325200000000000419e-03 4.905540000000000000e+05
6.832910000000000199e-03 4.112840000000000000e+05
8.767499999999999252e-03 3.444240000000000000e+05
1.124980000000000077e-02 2.880690000000000000e+05
1.443490000000000051e-02 2.405980000000000000e+05
1.852190000000000086e-02 2.006330000000000000e+05
2.376589999999999953e-02 1.670040000000000000e+05
3.049469999999999958e-02 1.387170000000000000e+05
3.912859999999999949e-02 1.149330000000000000e+05
5.020689999999999875e-02 9.493769999999999709e+04
6.442190000000000416e-02 7.813210000000000582e+04
8.266139999999999599e-02 6.400900000000000000e+04
1.060650000000000065e-01 5.214230000000000291e+04
1.360949999999999938e-01 4.217540000000000146e+04
1.746270000000000044e-01 3.381080000000000291e+04
2.240689999999999904e-01 2.680300000000000000e+04
2.875090000000000146e-01 2.095170000000000073e+04
3.689109999999999889e-01 1.609760000000000036e+04
4.733589999999999742e-01 1.211929999999999927e+04
6.073800000000000310e-01 8.931209999999999127e+03
7.793459999999999832e-01 6.484659999999999854e+03
1.000000000000000000e+00 4.708301787018051073e+03
