8.936770000000000130e-03 7.842839999999999534e-02
9.368480000000000210e-03 9.553079999999999905e-02
9.821029999999999691e-03 1.137309999999999988e-01
1.029550000000000083e-02 1.328020000000000034e-01
1.079279999999999996e-02 1.524830000000000074e-01
1.131410000000000055e-02 1.725889999999999924e-01
1.186070000000000006e-02 1.929099999999999981e-01
1.243359999999999951e-02 2.132560000000000011e-01
1.303430000000000040e-02 2.334610000000000019e-01
1.366389999999999966e-02 2.533869999999999734e-01
1.432390000000000052e-02 2.729130000000000167e-01
1.501590000000000043e-02 2.919459999999999833e-01
1.574120000000000033e-02 3.104129999999999945e-01
1.650160000000000168e-02 3.282570000000000210e-01
1.729879999999999959e-02 3.454430000000000001e-01
1.813439999999999844e-02 3.619450000000000167e-01
1.901040000000000021e-02 3.777490000000000014e-01
1.992870000000000058e-02 3.928619999999999890e-01
2.089140000000000094e-02 4.072620000000000129e-01
2.190059999999999923e-02 4.209660000000000069e-01
2.295859999999999915e-02 4.339850000000000096e-01
2.406760000000000149e-02 4.463309999999999778e-01
2.523020000000000124e-02 4.580190000000000095e-01
2.644900000000000029e-02 4.690610000000000057e-01
2.772660000000000055e-02 4.794760000000000133e-01
2.906600000000000156e-02 4.892779999999999907e-01
3.047009999999999996e-02 4.984830000000000094e-01
3.194199999999999817e-02 5.071050000000000280e-01
3.348500000000000087e-02 5.151599999999999513e-01
3.510250000000000176e-02 5.226619999999999600e-01
3.679820000000000313e-02 5.296229999999999549e-01
3.857580000000000037e-02 5.360620000000000385e-01
4.043920000000000153e-02 5.419760000000000133e-01
4.239269999999999844e-02 5.473829999999999529e-01
4.444050000000000084e-02 5.523139999999999716e-01
4.658729999999999816e-02 5.567560000000000286e-01
4.883780000000000066e-02 5.607370000000000410e-01
5.119689999999999658e-02 5.642519999999999758e-01
5.367009999999999836e-02 5.673089999999999522e-01
5.626269999999999882e-02 5.699189999999999534e-01
5.898049999999999821e-02 5.720920000000000449e-01
6.182959999999999845e-02 5.738349999999999840e-01
6.481639999999999624e-02 5.751530000000000253e-01
6.794740000000000502e-02 5.760520000000000085e-01
7.122970000000000690e-02 5.765390000000000237e-01
7.467060000000000364e-02 5.766189999999999927e-01
7.827760000000000273e-02 5.762960000000000305e-01
8.205890000000000406e-02 5.755740000000000300e-01
8.602289999999999937e-02 5.744580000000000242e-01
9.017830000000000290e-02 5.729509999999999881e-01
9.453449999999999354e-02 5.710579999999999545e-01
9.910109999999999753e-02 5.687780000000000058e-01
1.038879999999999942e-01 5.661159999999999526e-01
1.089070000000000038e-01 5.630730000000000457e-01
1.141680000000000056e-01 5.596489999999999521e-01
1.196829999999999977e-01 5.558450000000000335e-01
1.254639999999999922e-01 5.516600000000000392e-01
1.315250000000000030e-01 5.470930000000000515e-01
1.378780000000000006e-01 5.421409999999999840e-01
1.445390000000000008e-01 5.368030000000000301e-01
1.515209999999999890e-01 5.310770000000000213e-01
1.588400000000000090e-01 5.249629999999999574e-01
1.665129999999999943e-01 5.184590000000000032e-01
1.745569999999999899e-01 5.115640000000000187e-01
1.829890000000000128e-01 5.042790000000000328e-01
1.918289999999999995e-01 4.966010000000000146e-01
2.010949999999999960e-01 4.885329999999999950e-01
2.108089999999999964e-01 4.800730000000000275e-01
2.209929999999999950e-01 4.712219999999999742e-01
2.316680000000000128e-01 4.619809999999999750e-01
2.428589999999999915e-01 4.523510000000000031e-01
2.545910000000000117e-01 4.423340000000000050e-01
2.668889999999999874e-01 4.319330000000000114e-01
2.797810000000000019e-01 4.211520000000000263e-01
2.932969999999999744e-01 4.099970000000000003e-01
3.074649999999999883e-01 3.984730000000000216e-01
3.223170000000000202e-01 3.865899999999999892e-01
3.378869999999999929e-01 3.743589999999999973e-01
3.542089999999999961e-01 3.617940000000000045e-01
3.713199999999999834e-01 3.489110000000000267e-01
3.892570000000000197e-01 3.357289999999999996e-01
4.080599999999999783e-01 3.222749999999999782e-01
4.277719999999999856e-01 3.085749999999999882e-01
4.484360000000000013e-01 2.946630000000000082e-01
4.700989999999999891e-01 2.805790000000000228e-01
4.928069999999999951e-01 2.663659999999999917e-01
5.166129999999999889e-01 2.520769999999999955e-01
5.415689999999999671e-01 2.377720000000000111e-01
5.677299999999999569e-01 2.235199999999999965e-01
5.951549999999999896e-01 2.093980000000000008e-01
6.239040000000000141e-01 1.954970000000000041e-01
6.540430000000000410e-01 1.819159999999999944e-01
6.856370000000000520e-01 1.687710000000000043e-01
7.187580000000000080e-01 1.561909999999999965e-01
7.534779999999999811e-01 1.443200000000000038e-01
7.898760000000000225e-01 1.333229999999999971e-01
8.280319999999999903e-01 1.233830000000000066e-01
8.680309999999999970e-01 1.147050000000000014e-01
9.099629999999999663e-01 1.075200000000000045e-01
9.539199999999999902e-01 1.020849999999999952e-01
1.000000000000000000e+00 9.692477528667366171e-02
