1.787350000000000090e-05 3.992329999999999757e+01
1.993829999999999848e-05 6.105429999999999779e+01
2.224160000000000064e-05 8.444490000000000407e+01
2.481100000000000013e-05 1.087620000000000005e+02
2.767719999999999989e-05 1.328870000000000005e+02
3.087449999999999722e-05 1.560269999999999868e+02
3.444119999999999815e-05 1.777059999999999889e+02
3.841990000000000124e-05 1.977050000000000125e+02
4.285820000000000244e-05 2.159730000000000132e+02
4.780920000000000298e-05 2.325519999999999925e+02
5.333219999999999736e-05 2.475360000000000014e+02
5.949320000000000156e-05 2.610350000000000250e+02
6.636599999999999444e-05 2.731630000000000109e+02
7.403269999999999339e-05 2.840330000000000155e+02
8.258499999999999619e-05 2.937440000000000282e+02
9.212540000000000399e-05 3.024019999999999868e+02
1.027680000000000027e-04 3.101030000000000086e+02
1.146400000000000001e-04 3.169159999999999968e+02
1.278829999999999952e-04 3.229300000000000068e+02
1.426560000000000111e-04 3.282180000000000177e+02
1.591359999999999888e-04 3.328519999999999754e+02
1.775199999999999944e-04 3.368990000000000009e+02
1.980270000000000066e-04 3.404259999999999877e+02
2.209029999999999956e-04 3.434900000000000091e+02
2.464219999999999930e-04 3.461469999999999914e+02
2.748890000000000036e-04 3.484379999999999882e+02
3.066449999999999753e-04 3.503969999999999914e+02
3.420690000000000210e-04 3.520579999999999927e+02
3.815849999999999863e-04 3.534590000000000032e+02
4.256670000000000158e-04 3.546379999999999768e+02
4.748399999999999735e-04 3.556290000000000191e+02
5.296940000000000415e-04 3.564619999999999891e+02
5.908849999999999780e-04 3.571589999999999918e+02
6.591449999999999783e-04 3.577389999999999759e+02
7.352910000000000045e-04 3.582139999999999986e+02
8.202329999999999647e-04 3.585930000000000177e+02
9.149870000000000269e-04 3.588820000000000050e+02
1.020690000000000095e-03 3.590849999999999795e+02
1.138600000000000029e-03 3.592060000000000173e+02
1.270129999999999957e-03 3.592459999999999809e+02
1.416860000000000038e-03 3.592060000000000173e+02
1.580540000000000070e-03 3.590860000000000127e+02
1.763119999999999965e-03 3.588849999999999909e+02
1.966799999999999885e-03 3.586009999999999991e+02
2.194010000000000144e-03 3.582330000000000041e+02
2.447459999999999827e-03 3.577760000000000105e+02
2.730199999999999901e-03 3.572269999999999754e+02
3.045589999999999929e-03 3.565819999999999936e+02
3.397419999999999954e-03 3.558340000000000032e+02
3.789900000000000126e-03 3.549780000000000086e+02
4.227709999999999975e-03 3.540059999999999718e+02
4.716099999999999980e-03 3.529100000000000250e+02
5.260909999999999719e-03 3.516809999999999832e+02
5.868660000000000369e-03 3.503090000000000259e+02
6.546620000000000390e-03 3.487819999999999823e+02
7.302890000000000249e-03 3.470899999999999750e+02
8.146530000000000785e-03 3.452189999999999941e+02
9.087629999999999320e-03 3.431549999999999727e+02
1.013739999999999954e-02 3.408849999999999909e+02
1.130850000000000084e-02 3.383910000000000196e+02
1.261490000000000007e-02 3.356589999999999918e+02
1.407219999999999999e-02 3.326709999999999923e+02
1.569780000000000134e-02 3.294110000000000014e+02
1.751130000000000048e-02 3.258600000000000136e+02
1.953420000000000156e-02 3.220020000000000095e+02
2.179079999999999906e-02 3.178179999999999836e+02
2.430809999999999915e-02 3.132919999999999732e+02
2.711620000000000003e-02 3.084080000000000155e+02
3.024879999999999930e-02 3.031519999999999868e+02
3.374309999999999810e-02 2.975110000000000241e+02
3.764119999999999966e-02 2.914730000000000132e+02
4.198949999999999905e-02 2.850299999999999727e+02
4.684019999999999850e-02 2.781779999999999973e+02
5.225130000000000052e-02 2.709159999999999968e+02
5.828740000000000310e-02 2.632450000000000045e+02
6.502090000000000647e-02 2.551730000000000018e+02
7.253220000000000500e-02 2.467119999999999891e+02
8.091120000000000256e-02 2.378789999999999907e+02
9.025809999999999389e-02 2.286959999999999980e+02
1.006849999999999967e-01 2.191889999999999930e+02
1.123159999999999992e-01 2.093909999999999911e+02
1.252910000000000135e-01 1.993400000000000034e+02
1.397650000000000003e-01 1.890780000000000030e+02
1.559109999999999940e-01 1.786500000000000057e+02
1.739219999999999933e-01 1.681069999999999993e+02
1.940129999999999910e-01 1.575029999999999859e+02
2.164260000000000073e-01 1.468940000000000055e+02
2.414280000000000037e-01 1.363410000000000082e+02
2.693180000000000018e-01 1.259030000000000058e+02
3.004299999999999748e-01 1.156460000000000008e+02
3.351359999999999895e-01 1.056359999999999957e+02
3.738509999999999889e-01 9.593890000000000384e+01
4.170389999999999930e-01 8.662669999999999959e+01
4.652160000000000184e-01 7.777240000000000464e+01
5.189589999999999481e-01 6.945319999999999538e+01
5.789090000000000069e-01 6.175099999999999767e+01
6.457859999999999712e-01 5.475430000000000064e+01
7.203880000000000283e-01 4.855919999999999703e+01
8.036079999999999890e-01 4.327199999999999847e+01
8.964419999999999611e-01 3.901149999999999807e+01
1.000000000000000000e+00 3.517049357444806645e+01
