8.936769999999999480e-05 7.983520000000000394e+00
9.809999999999999927e-05 1.155080000000000062e+01
1.076849999999999964e-04 1.547809999999999953e+01
1.182080000000000039e-04 1.959349999999999881e+01
1.297580000000000001e-04 2.374579999999999913e+01
1.424370000000000052e-04 2.781520000000000081e+01
1.563539999999999873e-04 3.171740000000000137e+01
1.716320000000000129e-04 3.540090000000000003e+01
1.884020000000000031e-04 3.884040000000000248e+01
2.068109999999999957e-04 4.202779999999999916e+01
2.270189999999999892e-04 4.496659999999999968e+01
2.492020000000000172e-04 4.766649999999999920e+01
2.735510000000000242e-04 5.014009999999999678e+01
3.002810000000000071e-04 5.240160000000000196e+01
3.296209999999999939e-04 5.446500000000000341e+01
3.618289999999999809e-04 5.634400000000000119e+01
3.971840000000000244e-04 5.805180000000000007e+01
4.359939999999999866e-04 5.959899999999999665e+01
4.785950000000000078e-04 6.100059999999999860e+01
5.253589999999999822e-04 6.226630000000000109e+01
5.766929999999999756e-04 6.340469999999999828e+01
6.330420000000000014e-04 6.442700000000000671e+01
6.948980000000000001e-04 6.534210000000000207e+01
7.627969999999999542e-04 6.615900000000000603e+01
8.373309999999999694e-04 6.688620000000000232e+01
9.191479999999999486e-04 6.753199999999999648e+01
1.008959999999999935e-03 6.810389999999999588e+01
1.107549999999999897e-03 6.860939999999999372e+01
1.215769999999999915e-03 6.905480000000000018e+01
1.334560000000000043e-03 6.944509999999999650e+01
1.464959999999999960e-03 6.978449999999999420e+01
1.608110000000000052e-03 7.007720000000000482e+01
1.765239999999999952e-03 7.032779999999999632e+01
1.937719999999999981e-03 7.054099999999999682e+01
2.127060000000000062e-03 7.072119999999999607e+01
2.334899999999999996e-03 7.087260000000000559e+01
2.563039999999999936e-03 7.099859999999999616e+01
2.813480000000000147e-03 7.110200000000000387e+01
3.088389999999999885e-03 7.118510000000000559e+01
3.390160000000000135e-03 7.124949999999999761e+01
3.721420000000000023e-03 7.129630000000000223e+01
4.085039999999999852e-03 7.132620000000000005e+01
4.484199999999999818e-03 7.133979999999999677e+01
4.922359999999999756e-03 7.133740000000000236e+01
5.403329999999999592e-03 7.131889999999999930e+01
5.931289999999999653e-03 7.128440000000000509e+01
6.510850000000000318e-03 7.123350000000000648e+01
7.147030000000000396e-03 7.116599999999999682e+01
7.845380000000000756e-03 7.108140000000000214e+01
8.611960000000000101e-03 7.097899999999999920e+01
9.453450000000000394e-03 7.085819999999999652e+01
1.037719999999999962e-02 7.071819999999999595e+01
1.139109999999999949e-02 7.055790000000000362e+01
1.250420000000000004e-02 7.037630000000000052e+01
1.372600000000000035e-02 7.017220000000000368e+01
1.506719999999999934e-02 6.994400000000000261e+01
1.653939999999999924e-02 6.969039999999999679e+01
1.815550000000000150e-02 6.940970000000000084e+01
1.992949999999999930e-02 6.909990000000000521e+01
2.187679999999999833e-02 6.875920000000000698e+01
2.401440000000000172e-02 6.838540000000000418e+01
2.636089999999999961e-02 6.797599999999999909e+01
2.893669999999999923e-02 6.752880000000000393e+01
3.176410000000000344e-02 6.704089999999999350e+01
3.486779999999999741e-02 6.650960000000000605e+01
3.827479999999999771e-02 6.593200000000000216e+01
4.201470000000000204e-02 6.530480000000000018e+01
4.612000000000000127e-02 6.462500000000000000e+01
5.062649999999999789e-02 6.388900000000000290e+01
5.557329999999999909e-02 6.309340000000000259e+01
6.100339999999999929e-02 6.223469999999999658e+01
6.696420000000000150e-02 6.130939999999999657e+01
7.350729999999999764e-02 6.031380000000000052e+01
8.068980000000000596e-02 5.924450000000000216e+01
8.857420000000000571e-02 5.809810000000000230e+01
9.722889999999999311e-02 5.687140000000000128e+01
1.067290000000000044e-01 5.556150000000000233e+01
1.171579999999999983e-01 5.416590000000000060e+01
1.286059999999999981e-01 5.268269999999999698e+01
1.411719999999999919e-01 5.111030000000000229e+01
1.549659999999999926e-01 4.944800000000000040e+01
1.701080000000000092e-01 4.769630000000000081e+01
1.867290000000000061e-01 4.585620000000000118e+01
2.049749999999999905e-01 4.393039999999999878e+01
2.250030000000000086e-01 4.192289999999999850e+01
2.469889999999999863e-01 3.983939999999999770e+01
2.711219999999999741e-01 3.768730000000000047e+01
2.976139999999999897e-01 3.547619999999999862e+01
3.266939999999999844e-01 3.321800000000000352e+01
3.586159999999999903e-01 3.092729999999999890e+01
3.936569999999999792e-01 2.862140000000000128e+01
4.321220000000000061e-01 2.632079999999999842e+01
4.743450000000000166e-01 2.404899999999999949e+01
5.206939999999999902e-01 2.183370000000000033e+01
5.715719999999999690e-01 1.970609999999999928e+01
6.274210000000000065e-01 1.770179999999999865e+01
6.887269999999999781e-01 1.586090000000000089e+01
7.560240000000000293e-01 1.422869999999999990e+01
8.298959999999999670e-01 1.285560000000000080e+01
9.109859999999999625e-01 1.179800000000000004e+01
1.000000000000000000e+00 1.082740016565302454e+01
