2.978919999999999919e-03 2.381209999999999993e-01
3.157319999999999918e-03 3.028489999999999793e-01
3.346399999999999809e-03 3.725410000000000110e-01
3.546810000000000067e-03 4.457599999999999896e-01
3.759209999999999809e-03 5.213569999999999593e-01
3.984340000000000277e-03 5.981440000000000090e-01
4.222949999999999621e-03 6.750739999999999519e-01
4.475849999999999967e-03 7.512469999999999981e-01
4.743889999999999739e-03 8.259400000000000075e-01
5.027990000000000410e-03 8.985919999999999463e-01
5.329099999999999809e-03 9.687909999999999577e-01
5.648239999999999685e-03 1.036249999999999893e+00
5.986489999999999694e-03 1.100810000000000066e+00
6.344999999999999946e-03 1.162320000000000020e+00
6.724980000000000194e-03 1.220839999999999925e+00
7.127719999999999716e-03 1.276350000000000096e+00
7.554570000000000035e-03 1.328899999999999970e+00
8.006990000000000288e-03 1.378570000000000073e+00
8.486499999999999252e-03 1.425429999999999975e+00
8.994729999999999392e-03 1.469580000000000108e+00
9.533399999999999166e-03 1.511120000000000019e+00
1.010430000000000009e-02 1.550140000000000073e+00
1.070940000000000086e-02 1.586750000000000105e+00
1.135079999999999943e-02 1.621019999999999905e+00
1.203049999999999953e-02 1.653070000000000039e+00
1.275100000000000018e-02 1.682970000000000077e+00
1.351459999999999988e-02 1.710769999999999902e+00
1.432399999999999993e-02 1.736569999999999947e+00
1.518180000000000050e-02 1.760510000000000019e+00
1.609100000000000114e-02 1.782610000000000028e+00
1.705459999999999962e-02 1.802939999999999987e+00
1.807589999999999891e-02 1.821550000000000002e+00
1.915849999999999845e-02 1.838510000000000089e+00
2.030579999999999885e-02 1.853900000000000103e+00
2.152180000000000065e-02 1.867760000000000087e+00
2.281069999999999973e-02 1.880139999999999922e+00
2.417679999999999829e-02 1.891110000000000069e+00
2.562460000000000085e-02 1.900700000000000056e+00
2.715920000000000140e-02 1.908970000000000056e+00
2.878570000000000087e-02 1.915950000000000042e+00
3.050949999999999843e-02 1.921699999999999964e+00
3.233670000000000294e-02 1.926250000000000018e+00
3.427319999999999672e-02 1.929629999999999956e+00
3.632570000000000243e-02 1.931880000000000042e+00
3.850110000000000338e-02 1.933030000000000026e+00
4.080679999999999724e-02 1.933079999999999909e+00
4.325060000000000016e-02 1.932060000000000111e+00
4.584069999999999812e-02 1.929969999999999963e+00
4.858599999999999725e-02 1.926819999999999977e+00
5.149560000000000248e-02 1.922619999999999996e+00
5.457950000000000301e-02 1.917380000000000084e+00
5.784809999999999952e-02 1.911100000000000021e+00
6.131240000000000301e-02 1.903790000000000093e+00
6.498420000000000585e-02 1.895459999999999923e+00
6.887590000000000379e-02 1.886100000000000110e+00
7.300070000000000170e-02 1.875709999999999988e+00
7.737239999999999396e-02 1.864300000000000068e+00
8.200599999999999556e-02 1.851839999999999931e+00
8.691709999999999714e-02 1.838319999999999954e+00
9.212220000000000131e-02 1.823730000000000073e+00
9.763910000000000644e-02 1.808030000000000026e+00
1.034859999999999947e-01 1.791220000000000034e+00
1.096840000000000037e-01 1.773260000000000058e+00
1.162519999999999942e-01 1.754119999999999902e+00
1.232140000000000041e-01 1.733759999999999968e+00
1.305929999999999869e-01 1.712159999999999904e+00
1.384140000000000092e-01 1.689279999999999893e+00
1.467030000000000001e-01 1.665089999999999959e+00
1.554889999999999883e-01 1.639539999999999997e+00
1.648000000000000020e-01 1.612610000000000099e+00
1.746699999999999919e-01 1.584270000000000067e+00
1.851299999999999890e-01 1.554470000000000018e+00
1.962170000000000025e-01 1.523200000000000109e+00
2.079679999999999862e-01 1.490420000000000078e+00
2.204220000000000068e-01 1.456120000000000081e+00
2.336229999999999973e-01 1.420279999999999987e+00
2.476129999999999998e-01 1.382889999999999953e+00
2.624420000000000086e-01 1.343949999999999978e+00
2.781589999999999896e-01 1.303460000000000063e+00
2.948169999999999957e-01 1.261449999999999960e+00
3.124730000000000008e-01 1.217940000000000023e+00
3.311850000000000072e-01 1.172970000000000068e+00
3.510190000000000254e-01 1.126630000000000020e+00
3.720399999999999818e-01 1.078980000000000050e+00
3.943209999999999771e-01 1.030129999999999990e+00
4.179350000000000009e-01 9.802330000000000210e-01
4.429640000000000244e-01 9.294379999999999864e-01
4.694920000000000204e-01 8.779540000000000122e-01
4.976079999999999948e-01 8.260269999999999557e-01
5.274079999999999879e-01 7.739399999999999613e-01
5.589920000000000444e-01 7.220410000000000439e-01
5.924690000000000234e-01 6.707370000000000276e-01
6.279500000000000082e-01 6.205000000000000515e-01
6.655550000000000077e-01 5.718839999999999479e-01
7.054129999999999567e-01 5.255300000000000527e-01
7.476580000000000448e-01 4.821799999999999975e-01
7.924330000000000540e-01 4.426889999999999992e-01
8.398889999999999967e-01 4.080389999999999850e-01
8.901869999999999505e-01 3.793590000000000018e-01
9.434970000000000301e-01 3.579370000000000052e-01
1.000000000000000000e+00 3.377245217694881396e-01
