1.117099999999999999e-09 6.387960000000000000e+05
1.372809999999999936e-09 1.307200000000000000e+06
1.687050000000000083e-09 2.038900000000000000e+06
2.073229999999999881e-09 2.727150000000000000e+06
2.547810000000000118e-09 3.325260000000000000e+06
3.131019999999999803e-09 3.826620000000000000e+06
3.847739999999999784e-09 4.240000000000000000e+06
4.728509999999999835e-09 4.577460000000000000e+06
5.810900000000000272e-09 4.850200000000000000e+06
7.141060000000000154e-09 5.068620000000000000e+06
8.775700000000000622e-09 5.241260000000000000e+06
1.078449999999999972e-08 5.376120000000000000e+06
1.325320000000000051e-08 5.480400000000000000e+06
1.628690000000000008e-08 5.560360000000000000e+06
2.001509999999999967e-08 5.620550000000000000e+06
2.459669999999999882e-08 5.664810000000000000e+06
3.022710000000000205e-08 5.697130000000000000e+06
3.714629999999999693e-08 5.720820000000000000e+06
4.564929999999999703e-08 5.738040000000000000e+06
5.609880000000000071e-08 5.750020000000000000e+06
6.894020000000000477e-08 5.757420000000000000e+06
8.472110000000000019e-08 5.760610000000000000e+06
1.041140000000000017e-07 5.759760000000000000e+06
1.279470000000000008e-07 5.754870000000000000e+06
1.572349999999999915e-07 5.745830000000000000e+06
1.932269999999999871e-07 5.732410000000000000e+06
2.374580000000000078e-07 5.714230000000000000e+06
2.918140000000000215e-07 5.690770000000000000e+06
3.586120000000000086e-07 5.661370000000000000e+06
4.407009999999999968e-07 5.625240000000000000e+06
5.415810000000000372e-07 5.581420000000000000e+06
6.655530000000000040e-07 5.528840000000000000e+06
8.179030000000000150e-07 5.466290000000000000e+06
1.005129999999999895e-06 5.392480000000000000e+06
1.235209999999999902e-06 5.306070000000000000e+06
1.517960000000000074e-06 5.205730000000000000e+06
1.865429999999999943e-06 5.090230000000000000e+06
2.292440000000000111e-06 4.958550000000000000e+06
2.817190000000000042e-06 4.810010000000000000e+06
3.462069999999999872e-06 4.644370000000000000e+06
4.254559999999999631e-06 4.461960000000000000e+06
5.228459999999999743e-06 4.263780000000000000e+06
6.425290000000000276e-06 4.051470000000000000e+06
7.896080000000000809e-06 3.827380000000000000e+06
9.703549999999999616e-06 3.594370000000000000e+06
1.192479999999999974e-05 3.355740000000000000e+06
1.465439999999999983e-05 3.114960000000000000e+06
1.800889999999999964e-05 2.875510000000000000e+06
2.213129999999999934e-05 2.640640000000000000e+06
2.719730000000000132e-05 2.413250000000000000e+06
3.342300000000000170e-05 2.195700000000000000e+06
4.107379999999999967e-05 1.989830000000000000e+06
5.047580000000000214e-05 1.796890000000000000e+06
6.203009999999999416e-05 1.617640000000000000e+06
7.622929999999999875e-05 1.452330000000000000e+06
9.367870000000000147e-05 1.300870000000000000e+06
1.151219999999999999e-04 1.162860000000000000e+06
1.414750000000000100e-04 1.037670000000000000e+06
1.738590000000000036e-04 9.245490000000000000e+05
2.136569999999999908e-04 8.226620000000000000e+05
2.625649999999999772e-04 7.311320000000000000e+05
3.226680000000000216e-04 6.490840000000000000e+05
3.965290000000000112e-04 5.756690000000000000e+05
4.872969999999999797e-04 5.100780000000000000e+05
5.988430000000000532e-04 4.515530000000000000e+05
7.359219999999999651e-04 3.993920000000000000e+05
9.043799999999999843e-04 3.529510000000000000e+05
1.111400000000000018e-03 3.116410000000000000e+05
1.365810000000000071e-03 2.749290000000000000e+05
1.678449999999999951e-03 2.423300000000000000e+05
2.062660000000000014e-03 2.134100000000000000e+05
2.534820000000000129e-03 1.877730000000000000e+05
3.115049999999999850e-03 1.650660000000000000e+05
3.828110000000000020e-03 1.449720000000000000e+05
4.704390000000000134e-03 1.272030000000000000e+05
5.781259999999999871e-03 1.115030000000000000e+05
7.104639999999999740e-03 9.764269999999999709e+04
8.730939999999999535e-03 8.541539999999999418e+04
1.072949999999999945e-02 7.463669999999999709e+04
1.318560000000000045e-02 6.514159999999999854e+04
1.620380000000000084e-02 5.678259999999999854e+04
1.991300000000000014e-02 4.942830000000000291e+04
2.447130000000000138e-02 4.296150000000000000e+04
3.007289999999999963e-02 3.727780000000000291e+04
3.695679999999999799e-02 3.228440000000000146e+04
4.541649999999999854e-02 2.789890000000000146e+04
5.581269999999999981e-02 2.404859999999999854e+04
6.858859999999999957e-02 2.066870000000000073e+04
8.428900000000000281e-02 1.770240000000000146e+04
1.035829999999999945e-01 1.509970000000000073e+04
1.272939999999999905e-01 1.281650000000000000e+04
1.564329999999999887e-01 1.081479999999999927e+04
1.922419999999999962e-01 9.061430000000000291e+03
2.362470000000000125e-01 7.528069999999999709e+03
2.903259999999999730e-01 6.191000000000000000e+03
3.567830000000000168e-01 5.030779999999999745e+03
4.384540000000000104e-01 4.032280000000000200e+03
5.388190000000000479e-01 3.184739999999999782e+03
6.621580000000000243e-01 2.482000000000000000e+03
8.137309999999999821e-01 1.922960000000000036e+03
1.000000000000000000e+00 1.489837281244193946e+03
