8.936770000000000157e-06 7.984940000000000282e+01
1.003850000000000053e-05 1.249759999999999991e+02
1.127610000000000034e-05 1.750120000000000005e+02
1.266620000000000080e-05 2.267949999999999875e+02
1.422769999999999932e-05 2.777429999999999950e+02
1.598169999999999981e-05 3.261309999999999718e+02
1.795190000000000002e-05 3.710169999999999959e+02
2.016500000000000090e-05 4.120330000000000155e+02
2.265090000000000026e-05 4.491680000000000064e+02
2.544340000000000105e-05 4.825899999999999750e+02
2.858000000000000080e-05 5.125470000000000255e+02
3.210340000000000166e-05 5.393129999999999882e+02
3.606109999999999936e-05 5.631580000000000155e+02
4.050670000000000301e-05 5.843319999999999936e+02
4.550040000000000231e-05 6.030760000000000218e+02
5.110970000000000297e-05 6.196309999999999718e+02
5.741060000000000222e-05 6.341720000000000255e+02
6.448819999999999694e-05 6.469080000000000155e+02
7.243829999999999388e-05 6.580149999999999864e+02
8.136850000000000538e-05 6.676660000000000537e+02
9.139970000000000516e-05 6.760240000000000009e+02
1.026669999999999981e-04 6.832409999999999854e+02
1.153239999999999956e-04 6.894600000000000364e+02
1.295419999999999872e-04 6.947980000000000018e+02
1.455120000000000122e-04 6.993429999999999609e+02
1.634499999999999885e-04 7.031810000000000400e+02
1.835999999999999904e-04 7.063999999999999773e+02
2.062350000000000066e-04 7.090969999999999800e+02
2.316599999999999877e-04 7.113559999999999945e+02
2.602190000000000102e-04 7.132530000000000427e+02
2.922980000000000261e-04 7.148440000000000509e+02
3.283329999999999886e-04 7.161739999999999782e+02
3.688100000000000146e-04 7.172749999999999773e+02
4.142770000000000046e-04 7.181680000000000064e+02
4.653500000000000084e-04 7.188700000000000045e+02
5.227180000000000324e-04 7.193930000000000291e+02
5.871589999999999665e-04 7.197430000000000518e+02
6.595439999999999723e-04 7.199260000000000446e+02
7.408529999999999760e-04 7.199450000000000500e+02
8.321859999999999501e-04 7.198020000000000209e+02
9.347780000000000412e-04 7.194959999999999809e+02
1.050020000000000033e-03 7.190249999999999773e+02
1.179460000000000014e-03 7.183849999999999909e+02
1.324869999999999911e-03 7.175700000000000500e+02
1.488200000000000070e-03 7.165739999999999554e+02
1.671670000000000100e-03 7.153859999999999673e+02
1.877750000000000079e-03 7.139959999999999809e+02
2.109240000000000073e-03 7.123920000000000528e+02
2.369270000000000143e-03 7.105579999999999927e+02
2.661349999999999827e-03 7.084779999999999518e+02
2.989439999999999893e-03 7.061330000000000382e+02
3.357979999999999993e-03 7.035030000000000427e+02
3.771959999999999983e-03 7.005650000000000546e+02
4.236969999999999625e-03 6.972960000000000491e+02
4.759300000000000162e-03 6.936680000000000064e+02
5.346029999999999879e-03 6.896549999999999727e+02
6.005090000000000254e-03 6.852250000000000227e+02
6.745400000000000354e-03 6.803490000000000464e+02
7.576979999999999653e-03 6.749950000000000045e+02
8.511070000000000788e-03 6.691290000000000191e+02
9.560320000000000623e-03 6.627179999999999609e+02
1.073889999999999914e-02 6.557300000000000182e+02
1.206280000000000026e-02 6.481319999999999482e+02
1.354990000000000014e-02 6.398930000000000291e+02
1.522040000000000025e-02 6.309850000000000136e+02
1.709669999999999940e-02 6.213830000000000382e+02
1.920439999999999994e-02 6.110650000000000546e+02
2.157200000000000090e-02 6.000149999999999864e+02
2.423140000000000016e-02 5.882219999999999800e+02
2.721859999999999905e-02 5.756820000000000164e+02
3.057409999999999989e-02 5.623999999999999773e+02
3.434330000000000022e-02 5.483859999999999673e+02
3.857719999999999899e-02 5.336609999999999445e+02
4.333300000000000346e-02 5.182530000000000427e+02
4.867509999999999892e-02 5.021999999999999886e+02
5.467579999999999663e-02 4.855480000000000018e+02
6.141630000000000006e-02 4.683500000000000227e+02
6.898769999999999902e-02 4.506680000000000064e+02
7.749250000000000582e-02 4.325670000000000073e+02
8.704580000000000650e-02 4.141200000000000045e+02
9.777689999999999992e-02 3.954010000000000105e+02
1.098309999999999981e-01 3.764879999999999995e+02
1.233709999999999946e-01 3.574590000000000032e+02
1.385800000000000087e-01 3.383929999999999723e+02
1.556639999999999968e-01 3.193659999999999854e+02
1.748550000000000104e-01 3.004529999999999745e+02
1.964110000000000023e-01 2.817269999999999754e+02
2.206239999999999868e-01 2.632570000000000050e+02
2.478229999999999877e-01 2.451109999999999900e+02
2.783749999999999836e-01 2.273549999999999898e+02
3.126929999999999987e-01 2.100509999999999877e+02
3.512419999999999987e-01 1.932640000000000100e+02
3.945429999999999771e-01 1.770589999999999975e+02
4.431829999999999936e-01 1.615039999999999907e+02
4.978179999999999827e-01 1.466719999999999970e+02
5.591899999999999649e-01 1.326440000000000055e+02
6.281269999999999909e-01 1.195120000000000005e+02
7.055620000000000225e-01 1.073820000000000050e+02
7.925440000000000262e-01 9.637860000000000582e+01
8.902499999999999858e-01 8.664690000000000225e+01
1.000000000000000000e+00 7.789794098608820150e+01
