2.978919999999999784e-07 2.395480000000000018e+03
3.461940000000000095e-07 4.177710000000000036e+03
4.023260000000000254e-07 6.158479999999999563e+03
4.675599999999999860e-07 8.148609999999999673e+03
5.433720000000000298e-07 1.002100000000000000e+04
6.314759999999999829e-07 1.171439999999999964e+04
7.338649999999999609e-07 1.321289999999999964e+04
8.528550000000000490e-07 1.452300000000000000e+04
9.911389999999999391e-07 1.566020000000000073e+04
1.151850000000000034e-06 1.664200000000000000e+04
1.338610000000000047e-06 1.748559999999999854e+04
1.555650000000000090e-06 1.820620000000000073e+04
1.807890000000000024e-06 1.881920000000000073e+04
2.101029999999999855e-06 1.933650000000000000e+04
2.441689999999999995e-06 1.977040000000000146e+04
2.837600000000000157e-06 2.013220000000000073e+04
3.297689999999999931e-06 2.043209999999999854e+04
3.832390000000000080e-06 2.067979999999999927e+04
4.453779999999999903e-06 2.088309999999999854e+04
5.175930000000000265e-06 2.104779999999999927e+04
6.015170000000000042e-06 2.117950000000000000e+04
6.990479999999999688e-06 2.128429999999999927e+04
8.123930000000000669e-06 2.136779999999999927e+04
9.441169999999999936e-06 2.143450000000000000e+04
1.097199999999999930e-05 2.148759999999999854e+04
1.275100000000000040e-05 2.152920000000000073e+04
1.481850000000000051e-05 2.156070000000000073e+04
1.722120000000000039e-05 2.158309999999999854e+04
2.001350000000000074e-05 2.159679999999999927e+04
2.325850000000000102e-05 2.160240000000000146e+04
2.702969999999999974e-05 2.159979999999999927e+04
3.141239999999999760e-05 2.158920000000000073e+04
3.650569999999999846e-05 2.157040000000000146e+04
4.242480000000000079e-05 2.154329999999999927e+04
4.930370000000000027e-05 2.150729999999999927e+04
5.729789999999999905e-05 2.146200000000000000e+04
6.658830000000000077e-05 2.140670000000000073e+04
7.738509999999999877e-05 2.134059999999999854e+04
8.993259999999999340e-05 2.126259999999999854e+04
1.045139999999999958e-04 2.117170000000000073e+04
1.214609999999999946e-04 2.106640000000000146e+04
1.411550000000000131e-04 2.094550000000000000e+04
1.640420000000000127e-04 2.080740000000000146e+04
1.906400000000000043e-04 2.065009999999999854e+04
2.215510000000000070e-04 2.047209999999999854e+04
2.574739999999999950e-04 2.027129999999999927e+04
2.992210000000000139e-04 2.004579999999999927e+04
3.477379999999999968e-04 1.979350000000000000e+04
4.041210000000000158e-04 1.951270000000000073e+04
4.696459999999999958e-04 1.920140000000000146e+04
5.457949999999999607e-04 1.885820000000000073e+04
6.342919999999999505e-04 1.848190000000000146e+04
7.371380000000000293e-04 1.807150000000000000e+04
8.566589999999999578e-04 1.762670000000000073e+04
9.955599999999999346e-04 1.714790000000000146e+04
1.156979999999999944e-03 1.663579999999999927e+04
1.344579999999999951e-03 1.609229999999999927e+04
1.562589999999999986e-03 1.551970000000000073e+04
1.815949999999999986e-03 1.492110000000000036e+04
2.110400000000000123e-03 1.430010000000000036e+04
2.452580000000000211e-03 1.366129999999999927e+04
2.850249999999999919e-03 1.300920000000000073e+04
3.312400000000000067e-03 1.234879999999999927e+04
3.849480000000000176e-03 1.168539999999999964e+04
4.473640000000000082e-03 1.102400000000000000e+04
5.199009999999999569e-03 1.036939999999999964e+04
6.041989999999999687e-03 9.726090000000000146e+03
7.021659999999999881e-03 9.098159999999999854e+03
8.160169999999999577e-03 8.489049999999999272e+03
9.483280000000000182e-03 7.901680000000000291e+03
1.102090000000000014e-02 7.338329999999999927e+03
1.280790000000000053e-02 6.800699999999999818e+03
1.488459999999999957e-02 6.289939999999999600e+03
1.729800000000000088e-02 5.806640000000000327e+03
2.010280000000000053e-02 5.350989999999999782e+03
2.336229999999999904e-02 4.922750000000000000e+03
2.715029999999999874e-02 4.521390000000000327e+03
3.155249999999999722e-02 4.146109999999999673e+03
3.666849999999999971e-02 3.795929999999999836e+03
4.261399999999999910e-02 3.469719999999999800e+03
4.952360000000000095e-02 3.166260000000000218e+03
5.755339999999999762e-02 2.884300000000000182e+03
6.688529999999999476e-02 2.622539999999999964e+03
7.773030000000000217e-02 2.379719999999999800e+03
9.033360000000000001e-02 2.154590000000000146e+03
1.049810000000000049e-01 1.945950000000000045e+03
1.220019999999999993e-01 1.752680000000000064e+03
1.417839999999999934e-01 1.573720000000000027e+03
1.647730000000000028e-01 1.408079999999999927e+03
1.914899999999999936e-01 1.254880000000000109e+03
2.225389999999999868e-01 1.113329999999999927e+03
2.586220000000000185e-01 9.827309999999999945e+02
3.005559999999999898e-01 8.625019999999999527e+02
3.492879999999999874e-01 7.521799999999999500e+02
4.059229999999999783e-01 6.514320000000000164e+02
4.717399999999999927e-01 5.600689999999999600e+02
5.482289999999999663e-01 4.780659999999999741e+02
6.371210000000000484e-01 4.055819999999999936e+02
7.404249999999999998e-01 3.429900000000000091e+02
8.604800000000000226e-01 2.909110000000000014e+02
1.000000000000000000e+00 2.467398872883298395e+02
