2.234189999999999864e-06 3.193980000000000246e+02
2.544660000000000129e-06 5.230140000000000100e+02
2.898269999999999866e-06 7.492580000000000382e+02
3.301010000000000096e-06 9.809239999999999782e+02
3.759719999999999894e-06 1.204930000000000064e+03
4.282179999999999716e-06 1.413500000000000000e+03
4.877230000000000058e-06 1.603170000000000073e+03
5.554979999999999625e-06 1.773289999999999964e+03
6.326900000000000359e-06 1.924619999999999891e+03
7.206089999999999645e-06 2.058510000000000218e+03
8.207459999999999512e-06 2.176519999999999982e+03
9.347970000000000557e-06 2.280139999999999873e+03
1.064699999999999988e-05 2.370719999999999800e+03
1.212649999999999986e-05 2.449730000000000018e+03
1.381160000000000004e-05 2.518250000000000000e+03
1.573089999999999875e-05 2.577380000000000109e+03
1.791680000000000098e-05 2.628170000000000073e+03
2.040659999999999873e-05 2.671590000000000146e+03
2.324229999999999938e-05 2.708550000000000182e+03
2.647210000000000020e-05 2.739909999999999854e+03
3.015059999999999895e-05 2.766440000000000055e+03
3.434040000000000074e-05 2.788739999999999782e+03
3.911240000000000181e-05 2.807300000000000182e+03
4.454749999999999997e-05 2.822579999999999927e+03
5.073780000000000065e-05 2.835119999999999891e+03
5.778839999999999715e-05 2.845400000000000091e+03
6.581869999999999377e-05 2.853849999999999909e+03
7.496490000000000456e-05 2.860789999999999964e+03
8.538209999999999691e-05 2.866460000000000036e+03
9.724690000000000569e-05 2.871039999999999964e+03
1.107600000000000034e-04 2.874619999999999891e+03
1.261520000000000078e-04 2.877280000000000200e+03
1.436820000000000111e-04 2.879079999999999927e+03
1.636479999999999890e-04 2.880050000000000182e+03
1.863889999999999937e-04 2.880199999999999818e+03
2.122899999999999885e-04 2.879550000000000182e+03
2.417890000000000122e-04 2.878099999999999909e+03
2.753890000000000157e-04 2.875820000000000164e+03
3.136570000000000091e-04 2.872710000000000036e+03
3.572429999999999811e-04 2.868710000000000036e+03
4.068860000000000207e-04 2.863789999999999964e+03
4.634269999999999796e-04 2.857900000000000091e+03
5.278249999999999956e-04 2.850960000000000036e+03
6.011719999999999694e-04 2.842900000000000091e+03
6.847119999999999726e-04 2.833619999999999891e+03
7.798599999999999500e-04 2.823030000000000200e+03
8.882300000000000525e-04 2.811010000000000218e+03
1.011659999999999946e-03 2.797440000000000055e+03
1.152239999999999905e-03 2.782179999999999836e+03
1.312360000000000046e-03 2.765090000000000146e+03
1.494719999999999946e-03 2.746010000000000218e+03
1.702430000000000002e-03 2.724769999999999982e+03
1.938999999999999968e-03 2.701210000000000036e+03
2.208449999999999823e-03 2.675150000000000091e+03
2.515330000000000083e-03 2.646420000000000073e+03
2.864869999999999830e-03 2.614840000000000146e+03
3.262970000000000020e-03 2.580269999999999982e+03
3.716399999999999912e-03 2.542539999999999964e+03
4.232829999999999926e-03 2.501530000000000200e+03
4.821029999999999587e-03 2.457130000000000109e+03
5.490959999999999591e-03 2.409280000000000200e+03
6.253990000000000070e-03 2.357929999999999836e+03
7.123049999999999694e-03 2.303090000000000146e+03
8.112869999999999457e-03 2.244840000000000146e+03
9.240240000000000259e-03 2.183260000000000218e+03
1.052430000000000032e-02 2.118530000000000200e+03
1.198669999999999944e-02 2.050869999999999891e+03
1.365240000000000030e-02 1.980549999999999955e+03
1.554960000000000023e-02 1.907880000000000109e+03
1.771040000000000114e-02 1.833230000000000018e+03
2.017139999999999905e-02 1.756980000000000018e+03
2.297439999999999899e-02 1.679559999999999945e+03
2.616699999999999929e-02 1.601400000000000091e+03
2.980319999999999844e-02 1.522920000000000073e+03
3.394470000000000126e-02 1.444559999999999945e+03
3.866159999999999736e-02 1.366720000000000027e+03
4.403409999999999963e-02 1.289779999999999973e+03
5.015309999999999907e-02 1.214089999999999918e+03
5.712239999999999679e-02 1.139950000000000045e+03
6.506019999999999859e-02 1.067650000000000091e+03
7.410100000000000020e-02 9.974030000000000200e+02
8.439820000000000655e-02 9.293920000000000528e+02
9.612619999999999498e-02 8.637619999999999436e+02
1.094839999999999980e-01 8.006159999999999854e+02
1.246980000000000033e-01 7.400249999999999773e+02
1.420260000000000133e-01 6.820320000000000391e+02
1.617619999999999891e-01 6.266520000000000437e+02
1.842409999999999881e-01 5.738830000000000382e+02
2.098430000000000017e-01 5.237119999999999891e+02
2.390029999999999932e-01 4.761159999999999854e+02
2.722149999999999848e-01 4.310729999999999791e+02
3.100419999999999843e-01 3.885640000000000214e+02
3.531259999999999954e-01 3.485799999999999841e+02
4.021970000000000267e-01 3.111309999999999718e+02
4.580859999999999932e-01 2.762490000000000236e+02
5.217420000000000391e-01 2.439939999999999998e+02
5.942439999999999944e-01 2.144670000000000130e+02
6.768210000000000059e-01 1.878120000000000118e+02
7.708720000000000017e-01 1.642309999999999945e+02
8.779930000000000234e-01 1.439919999999999902e+02
1.000000000000000000e+00 1.262471039394357462e+02
