9.929750000000000788e-10 7.186450000000000000e+05
1.221709999999999910e-09 1.475240000000000000e+06
1.503140000000000043e-09 2.302970000000000000e+06
1.849400000000000045e-09 3.080240000000000000e+06
2.275419999999999986e-09 3.754670000000000000e+06
2.799570000000000084e-09 4.319280000000000000e+06
3.444470000000000204e-09 4.784250000000000000e+06
4.237919999999999775e-09 5.163300000000000000e+06
5.214150000000000239e-09 5.469130000000000000e+06
6.415250000000000155e-09 5.713590000000000000e+06
7.893039999999999453e-09 5.906400000000000000e+06
9.711250000000000353e-09 6.056690000000000000e+06
1.194830000000000019e-08 6.172650000000000000e+06
1.470060000000000029e-08 6.261340000000000000e+06
1.808699999999999844e-08 6.327780000000000000e+06
2.225350000000000137e-08 6.376490000000000000e+06
2.737970000000000131e-08 6.412070000000000000e+06
3.368669999999999949e-08 6.438130000000000000e+06
4.144659999999999872e-08 6.457010000000000000e+06
5.099409999999999868e-08 6.470010000000000000e+06
6.274090000000000034e-08 6.477860000000000000e+06
7.719360000000000111e-08 6.480920000000000000e+06
9.497559999999999450e-08 6.479380000000000000e+06
1.168539999999999954e-07 6.473240000000000000e+06
1.437719999999999986e-07 6.462370000000000000e+06
1.768899999999999911e-07 6.446440000000000000e+06
2.176380000000000063e-07 6.425030000000000000e+06
2.677720000000000237e-07 6.397510000000000000e+06
3.294550000000000076e-07 6.363110000000000000e+06
4.053460000000000087e-07 6.320880000000000000e+06
4.987200000000000083e-07 6.269720000000000000e+06
6.136030000000000186e-07 6.208360000000000000e+06
7.549499999999999674e-07 6.135410000000000000e+06
9.288569999999999906e-07 6.049360000000000000e+06
1.142820000000000012e-06 5.948690000000000000e+06
1.406080000000000055e-06 5.831880000000000000e+06
1.729980000000000037e-06 5.697560000000000000e+06
2.128490000000000182e-06 5.544650000000000000e+06
2.618799999999999812e-06 5.372440000000000000e+06
3.222049999999999924e-06 5.180800000000000000e+06
3.964269999999999909e-06 4.970270000000000000e+06
4.877460000000000054e-06 4.742140000000000000e+06
6.001009999999999656e-06 4.498510000000000000e+06
7.383369999999999919e-06 4.242200000000000000e+06
9.084169999999999797e-06 3.976620000000000000e+06
1.117679999999999944e-05 3.705630000000000000e+06
1.375140000000000017e-05 3.433230000000000000e+06
1.691909999999999866e-05 3.163340000000000000e+06
2.081649999999999966e-05 2.899610000000000000e+06
2.561170000000000078e-05 2.645170000000000000e+06
3.151149999999999806e-05 2.402590000000000000e+06
3.877039999999999729e-05 2.173770000000000000e+06
4.770129999999999677e-05 1.959980000000000000e+06
5.868960000000000133e-05 1.761900000000000000e+06
7.220899999999999931e-05 1.579700000000000000e+06
8.884280000000000259e-05 1.413150000000000000e+06
1.093080000000000044e-04 1.261700000000000000e+06
1.344879999999999904e-04 1.124580000000000000e+06
1.654679999999999953e-04 1.000900000000000000e+06
2.035840000000000078e-04 8.896710000000000000e+05
2.504809999999999892e-04 7.898860000000000000e+05
3.081809999999999823e-04 7.005540000000000000e+05
3.791719999999999943e-04 6.207150000000000000e+05
4.665170000000000059e-04 5.494630000000000000e+05
5.739809999999999921e-04 4.859530000000000000e+05
7.062010000000000509e-04 4.294070000000000000e+05
8.688780000000000114e-04 3.791110000000000000e+05
1.069029999999999894e-03 3.344160000000000000e+05
1.315289999999999992e-03 2.947340000000000000e+05
1.618269999999999995e-03 2.595330000000000000e+05
1.991049999999999851e-03 2.283340000000000000e+05
2.449699999999999968e-03 2.007050000000000000e+05
3.014000000000000186e-03 1.762580000000000000e+05
3.708289999999999937e-03 1.546450000000000000e+05
4.562509999999999656e-03 1.355540000000000000e+05
5.613510000000000374e-03 1.187040000000000000e+05
6.906609999999999659e-03 1.038430000000000000e+05
8.497589999999999311e-03 9.074800000000000000e+04
1.045510000000000016e-02 7.921660000000000582e+04
1.286340000000000053e-02 6.906950000000000000e+04
1.582659999999999970e-02 6.014650000000000000e+04
1.947230000000000141e-02 5.230469999999999709e+04
2.395790000000000072e-02 4.541680000000000291e+04
2.947670000000000151e-02 3.936990000000000146e+04
3.626689999999999775e-02 3.406340000000000146e+04
4.462109999999999688e-02 2.940840000000000146e+04
5.489990000000000148e-02 2.532600000000000000e+04
6.754640000000000644e-02 2.174650000000000000e+04
8.310599999999999932e-02 1.860870000000000073e+04
1.022499999999999937e-01 1.585850000000000000e+04
1.258039999999999992e-01 1.344879999999999927e+04
1.547830000000000039e-01 1.133850000000000000e+04
1.904389999999999972e-01 9.491959999999999127e+03
2.343069999999999875e-01 7.878899999999999636e+03
2.882810000000000095e-01 6.473750000000000000e+03
3.546880000000000033e-01 5.255640000000000327e+03
4.363929999999999754e-01 4.208270000000000437e+03
5.369180000000000064e-01 3.319960000000000036e+03
6.605999999999999650e-01 2.583969999999999800e+03
8.127729999999999677e-01 1.998869999999999891e+03
1.000000000000000000e+00 1.546256689835264297e+03
