1.489459999999999997e-12 4.790970000000000000e+08
1.955690000000000121e-12 1.156210000000000000e+09
2.567849999999999807e-12 1.867620000000000000e+09
3.371620000000000127e-12 2.478980000000000000e+09
4.426990000000000304e-12 2.964620000000000000e+09
5.812700000000000061e-12 3.339560000000000000e+09
7.632169999999999376e-12 3.624140000000000000e+09
1.002109999999999978e-11 3.836480000000000000e+09
1.315790000000000071e-11 3.991570000000000000e+09
1.727649999999999974e-11 4.102620000000000000e+09
2.268439999999999975e-11 4.180900000000000000e+09
2.978489999999999762e-11 4.234370000000000000e+09
3.910799999999999694e-11 4.269750000000000000e+09
5.134939999999999847e-11 4.293170000000000000e+09
6.742259999999999990e-11 4.308400000000000000e+09
8.852689999999999753e-11 4.317250000000000000e+09
1.162370000000000040e-10 4.320510000000000000e+09
1.526209999999999944e-10 4.318470000000000000e+09
2.003940000000000010e-10 4.311100000000000000e+09
2.631200000000000178e-10 4.298060000000000000e+09
3.454809999999999881e-10 4.278710000000000000e+09
4.536209999999999889e-10 4.252100000000000000e+09
5.956109999999999815e-10 4.216940000000000000e+09
7.820469999999999775e-10 4.171620000000000000e+09
1.026839999999999941e-09 4.114230000000000000e+09
1.348260000000000057e-09 4.042600000000000000e+09
1.770280000000000012e-09 3.954420000000000000e+09
2.324399999999999956e-09 3.847430000000000000e+09
3.051980000000000043e-09 3.719680000000000000e+09
4.007289999999999714e-09 3.569900000000000000e+09
5.261629999999999748e-09 3.397840000000000000e+09
6.908609999999999783e-09 3.204590000000000000e+09
9.071099999999999415e-09 2.992810000000000000e+09
1.191049999999999935e-08 2.766620000000000000e+09
1.563869999999999895e-08 2.531310000000000000e+09
2.053379999999999955e-08 2.292820000000000000e+09
2.696119999999999991e-08 2.057110000000000000e+09
3.540040000000000113e-08 1.829570000000000000e+09
4.648130000000000078e-08 1.614540000000000000e+09
6.103069999999999605e-08 1.415150000000000000e+09
8.013420000000000562e-08 1.233240000000000000e+09
1.052169999999999951e-07 1.069550000000000000e+09
1.381520000000000052e-07 9.238930000000000000e+08
1.813959999999999919e-07 7.954540000000000000e+08
2.381750000000000003e-07 6.830080000000000000e+08
3.127280000000000194e-07 5.851160000000000000e+08
4.106160000000000023e-07 5.002650000000000000e+08
5.391450000000000278e-07 4.269690000000000000e+08
7.079059999999999863e-07 3.638260000000000000e+08
9.294910000000000213e-07 3.095500000000000000e+08
1.220440000000000041e-06 2.629850000000000000e+08
1.602450000000000006e-06 2.231040000000000000e+08
2.104039999999999933e-06 1.890000000000000000e+08
2.762639999999999862e-06 1.598840000000000000e+08
3.627380000000000073e-06 1.350620000000000000e+08
4.762810000000000229e-06 1.139350000000000000e+08
6.253639999999999980e-06 9.597920000000000000e+07
8.211130000000000444e-06 8.074330000000000000e+07
1.078129999999999959e-05 6.783490000000000000e+07
1.415609999999999987e-05 5.691530000000000000e+07
1.858710000000000031e-05 4.769220000000000000e+07
2.440520000000000140e-05 3.991350000000000000e+07
3.204430000000000082e-05 3.336280000000000000e+07
4.207469999999999884e-05 2.785390000000000000e+07
5.524470000000000319e-05 2.322780000000000000e+07
7.253709999999999368e-05 1.934810000000000000e+07
9.524230000000000120e-05 1.609880000000000000e+07
1.250550000000000012e-04 1.338070000000000000e+07
1.641989999999999910e-04 1.111000000000000000e+07
2.155950000000000119e-04 9.215170000000000000e+06
2.830800000000000070e-04 7.635860000000000000e+06
3.716880000000000097e-04 6.321010000000000000e+06
4.880320000000000057e-04 5.227520000000000000e+06
6.407929999999999616e-04 4.319080000000000000e+06
8.413710000000000459e-04 3.565140000000000000e+06
1.104729999999999948e-03 2.940060000000000000e+06
1.450530000000000005e-03 2.422300000000000000e+06
1.904569999999999961e-03 1.993830000000000000e+06
2.500730000000000054e-03 1.639580000000000000e+06
3.283490000000000020e-03 1.346940000000000000e+06
4.311279999999999800e-03 1.105390000000000000e+06
5.660769999999999864e-03 9.061780000000000000e+05
7.432679999999999669e-03 7.419980000000000000e+05
9.759220000000000741e-03 6.067850000000000000e+05
1.281400000000000074e-02 4.954990000000000000e+05
1.682499999999999968e-02 4.039580000000000000e+05
2.209140000000000062e-02 3.286970000000000000e+05
2.900640000000000163e-02 2.668450000000000000e+05
3.808580000000000298e-02 2.160300000000000000e+05
5.000729999999999759e-02 1.742930000000000000e+05
6.566030000000000477e-02 1.400170000000000000e+05
8.621299999999999797e-02 1.118720000000000000e+05
1.131989999999999941e-01 8.876769999999999709e+04
1.486319999999999864e-01 6.981100000000000000e+04
1.951559999999999961e-01 5.427680000000000291e+04
2.562429999999999986e-01 4.158209999999999854e+04
3.364510000000000001e-01 3.126590000000000146e+04
4.417650000000000188e-01 2.297540000000000146e+04
5.800440000000000040e-01 1.645670000000000073e+04
7.616060000000000052e-01 1.155179999999999927e+04
1.000000000000000000e+00 8.108794188513751578e+03
