1.787350000000000120e-08 3.992469999999999709e+04
2.136430000000000159e-08 7.566050000000000000e+04
2.553680000000000140e-08 1.151860000000000000e+05
3.052420000000000012e-08 1.536770000000000000e+05
3.648569999999999696e-08 1.884740000000000000e+05
4.361140000000000100e-08 2.187330000000000000e+05
5.212879999999999891e-08 2.445500000000000000e+05
6.230979999999999591e-08 2.663540000000000000e+05
7.447900000000000140e-08 2.846370000000000000e+05
8.902500000000000473e-08 2.998530000000000000e+05
1.064120000000000002e-07 3.124330000000000000e+05
1.271939999999999940e-07 3.227310000000000000e+05
1.520359999999999990e-07 3.310890000000000000e+05
1.817289999999999989e-07 3.378120000000000000e+05
2.172210000000000100e-07 3.431840000000000000e+05
2.596449999999999933e-07 3.474480000000000000e+05
3.103539999999999745e-07 3.507830000000000000e+05
3.709670000000000157e-07 3.533440000000000000e+05
4.434179999999999807e-07 3.552960000000000000e+05
5.300179999999999753e-07 3.567850000000000000e+05
6.335319999999999849e-07 3.579240000000000000e+05
7.572629999999999696e-07 3.587810000000000000e+05
9.051580000000000376e-07 3.594010000000000000e+05
1.081940000000000012e-06 3.598080000000000000e+05
1.293240000000000005e-06 3.600160000000000000e+05
1.545820000000000008e-06 3.600340000000000000e+05
1.847720000000000031e-06 3.598630000000000000e+05
2.208580000000000206e-06 3.595020000000000000e+05
2.639929999999999896e-06 3.589430000000000000e+05
3.155509999999999964e-06 3.581760000000000000e+05
3.771790000000000186e-06 3.571840000000000000e+05
4.508430000000000303e-06 3.559450000000000000e+05
5.388939999999999602e-06 3.544350000000000000e+05
6.441409999999999709e-06 3.526210000000000000e+05
7.699440000000000605e-06 3.504680000000000000e+05
9.203160000000000838e-06 3.479340000000000000e+05
1.100059999999999934e-05 3.449740000000000000e+05
1.314900000000000065e-05 3.415380000000000000e+05
1.571699999999999877e-05 3.375740000000000000e+05
1.878660000000000068e-05 3.330260000000000000e+05
2.245569999999999915e-05 3.278410000000000000e+05
2.684140000000000020e-05 3.219670000000000000e+05
3.208349999999999868e-05 3.153570000000000000e+05
3.834950000000000273e-05 3.079770000000000000e+05
4.583930000000000003e-05 2.998020000000000000e+05
5.479179999999999945e-05 2.908260000000000000e+05
6.549280000000000422e-05 2.810620000000000000e+05
7.828379999999999746e-05 2.705470000000000000e+05
9.357280000000000643e-05 2.593420000000000000e+05
1.118480000000000038e-04 2.475310000000000000e+05
1.336920000000000068e-04 2.352190000000000000e+05
1.598020000000000126e-04 2.225300000000000000e+05
1.910120000000000069e-04 2.095990000000000000e+05
2.283169999999999894e-04 1.965690000000000000e+05
2.729079999999999831e-04 1.835800000000000000e+05
3.262079999999999776e-04 1.707670000000000000e+05
3.899180000000000029e-04 1.582530000000000000e+05
4.660689999999999993e-04 1.461440000000000000e+05
5.570939999999999486e-04 1.345280000000000000e+05
6.658960000000000226e-04 1.234730000000000000e+05
7.959469999999999740e-04 1.130260000000000000e+05
9.513980000000000006e-04 1.032190000000000000e+05
1.137210000000000044e-03 9.406350000000000000e+04
1.359310000000000076e-03 8.555989999999999418e+04
1.624779999999999931e-03 7.769589999999999418e+04
1.942109999999999930e-03 7.045069999999999709e+04
2.321409999999999880e-03 6.379709999999999854e+04
2.774790000000000069e-03 5.770340000000000146e+04
3.316710000000000057e-03 5.213550000000000000e+04
3.964470000000000320e-03 4.705780000000000291e+04
4.738739999999999966e-03 4.243469999999999709e+04
5.664230000000000133e-03 3.823119999999999709e+04
6.770469999999999787e-03 3.441359999999999854e+04
8.092759999999999190e-03 3.094979999999999927e+04
9.673299999999999260e-03 2.780959999999999854e+04
1.156249999999999986e-02 2.496470000000000073e+04
1.382070000000000000e-02 2.238900000000000000e+04
1.651990000000000056e-02 2.005820000000000073e+04
1.974630000000000135e-02 1.795000000000000000e+04
2.360280000000000017e-02 1.604389999999999964e+04
2.821250000000000147e-02 1.432120000000000073e+04
3.372250000000000247e-02 1.276470000000000073e+04
4.030859999999999999e-02 1.135879999999999927e+04
4.818100000000000160e-02 1.008920000000000073e+04
5.759090000000000042e-02 8.942940000000000509e+03
6.883849999999999691e-02 7.908210000000000036e+03
8.228290000000000604e-02 6.974289999999999964e+03
9.835299999999999598e-02 6.131529999999999745e+03
1.175619999999999998e-01 5.371180000000000291e+03
1.405220000000000080e-01 4.685430000000000291e+03
1.679660000000000042e-01 4.067300000000000182e+03
2.007700000000000040e-01 3.510639999999999873e+03
2.399809999999999999e-01 3.010090000000000146e+03
2.868499999999999939e-01 2.561070000000000164e+03
3.428720000000000101e-01 2.159820000000000164e+03
4.098359999999999781e-01 1.803369999999999891e+03
4.898790000000000089e-01 1.489670000000000073e+03
5.855529999999999902e-01 1.217589999999999918e+03
6.999130000000000074e-01 9.870819999999999936e+02
8.366080000000000183e-01 7.993039999999999736e+02
1.000000000000000000e+00 6.472479750930706359e+02
