4.468389999999999581e-06 1.596970000000000027e+02
5.054160000000000412e-06 2.557090000000000032e+02
5.716730000000000237e-06 3.623020000000000209e+02
6.466159999999999768e-06 4.720600000000000023e+02
7.313829999999999735e-06 5.791369999999999436e+02
8.272620000000000765e-06 6.798300000000000409e+02
9.357109999999999592e-06 7.723079999999999927e+02
1.058380000000000021e-05 8.560190000000000055e+02
1.197119999999999983e-05 9.311349999999999909e+02
1.354060000000000043e-05 9.981620000000000346e+02
1.531569999999999975e-05 1.057730000000000018e+03
1.732340000000000087e-05 1.110500000000000000e+03
1.959439999999999996e-05 1.157099999999999909e+03
2.216310000000000131e-05 1.198059999999999945e+03
2.506859999999999915e-05 1.234009999999999991e+03
2.835489999999999850e-05 1.265369999999999891e+03
3.207200000000000057e-05 1.292630000000000109e+03
3.627649999999999733e-05 1.316220000000000027e+03
4.103210000000000310e-05 1.336539999999999964e+03
4.641110000000000022e-05 1.353980000000000018e+03
5.249529999999999865e-05 1.368900000000000091e+03
5.937709999999999771e-05 1.381640000000000100e+03
6.716109999999999637e-05 1.392460000000000036e+03
7.596539999999999608e-05 1.401549999999999955e+03
8.592399999999999929e-05 1.409130000000000109e+03
9.718809999999999873e-05 1.415400000000000091e+03
1.099289999999999973e-04 1.420599999999999909e+03
1.243399999999999920e-04 1.424900000000000091e+03
1.406400000000000087e-04 1.428470000000000027e+03
1.590770000000000085e-04 1.431410000000000082e+03
1.799310000000000091e-04 1.433819999999999936e+03
2.035189999999999872e-04 1.435759999999999991e+03
2.301989999999999961e-04 1.437250000000000000e+03
2.603759999999999885e-04 1.438339999999999918e+03
2.945099999999999975e-04 1.439029999999999973e+03
3.331179999999999775e-04 1.439349999999999909e+03
3.767880000000000252e-04 1.439289999999999964e+03
4.261819999999999931e-04 1.438859999999999900e+03
4.820520000000000122e-04 1.438049999999999955e+03
5.452449999999999745e-04 1.436859999999999900e+03
6.167230000000000108e-04 1.435289999999999964e+03
6.975720000000000358e-04 1.433299999999999955e+03
7.890189999999999617e-04 1.430880000000000109e+03
8.924539999999999904e-04 1.428009999999999991e+03
1.009450000000000061e-03 1.424660000000000082e+03
1.141780000000000008e-03 1.420789999999999964e+03
1.291459999999999917e-03 1.416359999999999900e+03
1.460759999999999966e-03 1.411329999999999927e+03
1.652260000000000013e-03 1.405640000000000100e+03
1.868859999999999966e-03 1.399259999999999991e+03
2.113859999999999958e-03 1.392099999999999909e+03
2.390970000000000074e-03 1.384119999999999891e+03
2.704409999999999974e-03 1.375240000000000009e+03
3.058940000000000010e-03 1.365390000000000100e+03
3.459949999999999831e-03 1.354500000000000000e+03
3.913520000000000193e-03 1.342490000000000009e+03
4.426560000000000390e-03 1.329269999999999982e+03
5.006850000000000189e-03 1.314759999999999991e+03
5.663220000000000059e-03 1.298900000000000091e+03
6.405629999999999831e-03 1.281609999999999900e+03
7.245370000000000109e-03 1.262799999999999955e+03
8.195189999999999766e-03 1.242430000000000064e+03
9.269519999999999843e-03 1.220450000000000045e+03
1.048469999999999958e-02 1.196809999999999945e+03
1.185920000000000030e-02 1.171480000000000018e+03
1.341380000000000003e-02 1.144480000000000018e+03
1.517229999999999968e-02 1.115809999999999945e+03
1.716130000000000086e-02 1.085500000000000000e+03
1.941100000000000117e-02 1.053630000000000109e+03
2.195570000000000160e-02 1.020269999999999982e+03
2.483389999999999903e-02 9.855289999999999964e+02
2.808949999999999989e-02 9.495430000000000064e+02
3.177180000000000282e-02 9.124610000000000127e+02
3.593690000000000079e-02 8.744500000000000455e+02
4.064799999999999663e-02 8.356939999999999600e+02
4.597670000000000229e-02 7.963869999999999436e+02
5.200389999999999874e-02 7.567279999999999518e+02
5.882129999999999997e-02 7.169189999999999827e+02
6.653240000000000542e-02 6.771599999999999682e+02
7.525439999999999907e-02 6.376449999999999818e+02
8.511970000000000647e-02 5.985560000000000400e+02
9.627840000000000009e-02 5.600650000000000546e+02
1.088999999999999968e-01 5.223279999999999745e+02
1.231759999999999938e-01 4.854870000000000232e+02
1.393230000000000024e-01 4.496650000000000205e+02
1.575880000000000059e-01 4.149700000000000273e+02
1.782469999999999888e-01 3.814940000000000282e+02
2.016129999999999867e-01 3.493170000000000073e+02
2.280439999999999967e-01 3.185049999999999955e+02
2.579389999999999739e-01 2.891159999999999854e+02
2.917529999999999846e-01 2.612019999999999982e+02
3.300000000000000155e-01 2.348120000000000118e+02
3.732610000000000094e-01 2.099960000000000093e+02
4.221929999999999850e-01 1.868100000000000023e+02
4.775389999999999913e-01 1.653180000000000121e+02
5.401409999999999823e-01 1.456020000000000039e+02
6.109510000000000218e-01 1.277600000000000051e+02
6.910420000000000451e-01 1.119189999999999969e+02
7.816330000000000222e-01 9.823739999999999384e+01
8.840999999999999970e-01 8.691190000000000282e+01
1.000000000000000000e+00 7.689206489364073605e+01
