1.489460000000000051e-06 4.790950000000000273e+02
1.703330000000000046e-06 7.947329999999999472e+02
1.947909999999999871e-06 1.145549999999999955e+03
2.227609999999999921e-06 1.503500000000000000e+03
2.547470000000000192e-06 1.847759999999999991e+03
2.913250000000000017e-06 2.166400000000000091e+03
3.331560000000000168e-06 2.454570000000000164e+03
3.809930000000000129e-06 2.711679999999999836e+03
4.356999999999999958e-06 2.939260000000000218e+03
4.982610000000000225e-06 3.139650000000000091e+03
5.698049999999999596e-06 3.315380000000000109e+03
6.516229999999999951e-06 3.468909999999999854e+03
7.451880000000000048e-06 3.602360000000000127e+03
8.521889999999999820e-06 3.718059999999999945e+03
9.745530000000000525e-06 3.817710000000000036e+03
1.114490000000000065e-05 3.903150000000000091e+03
1.274509999999999932e-05 3.976019999999999982e+03
1.457520000000000065e-05 4.037860000000000127e+03
1.666800000000000033e-05 4.090139999999999873e+03
1.906140000000000015e-05 4.134189999999999600e+03
2.179840000000000122e-05 4.171140000000000327e+03
2.492829999999999983e-05 4.201819999999999709e+03
2.850779999999999834e-05 4.227010000000000218e+03
3.260110000000000200e-05 4.247550000000000182e+03
3.728230000000000048e-05 4.264289999999999964e+03
4.263560000000000223e-05 4.277949999999999818e+03
4.875750000000000201e-05 4.289109999999999673e+03
5.575859999999999839e-05 4.298180000000000291e+03
6.376479999999999637e-05 4.305449999999999818e+03
7.292069999999999455e-05 4.311109999999999673e+03
8.339129999999999557e-05 4.315289999999999964e+03
9.536529999999999985e-05 4.318079999999999927e+03
1.090590000000000006e-04 4.319539999999999964e+03
1.247180000000000077e-04 4.319680000000000291e+03
1.426259999999999995e-04 4.318539999999999964e+03
1.631059999999999932e-04 4.316090000000000146e+03
1.865260000000000095e-04 4.312329999999999927e+03
2.133089999999999867e-04 4.307199999999999818e+03
2.439370000000000058e-04 4.300640000000000327e+03
2.789639999999999806e-04 4.292579999999999927e+03
3.190199999999999915e-04 4.282920000000000073e+03
3.648270000000000224e-04 4.271539999999999964e+03
4.172119999999999757e-04 4.258310000000000400e+03
4.771190000000000240e-04 4.243069999999999709e+03
5.456280000000000418e-04 4.225640000000000327e+03
6.239740000000000130e-04 4.205829999999999927e+03
7.135690000000000522e-04 4.183420000000000073e+03
8.160290000000000165e-04 4.158180000000000291e+03
9.332010000000000392e-04 4.129850000000000364e+03
1.067199999999999920e-03 4.098170000000000073e+03
1.220439999999999936e-03 4.062869999999999891e+03
1.395680000000000054e-03 4.023639999999999873e+03
1.596079999999999938e-03 3.980210000000000036e+03
1.825259999999999990e-03 3.932289999999999964e+03
2.087340000000000029e-03 3.879599999999999909e+03
2.387059999999999876e-03 3.821889999999999873e+03
2.729810000000000049e-03 3.758940000000000055e+03
3.121780000000000214e-03 3.690559999999999945e+03
3.570030000000000078e-03 3.616619999999999891e+03
4.082650000000000168e-03 3.537059999999999945e+03
4.668870000000000312e-03 3.451880000000000109e+03
5.339270000000000127e-03 3.361179999999999836e+03
6.105919999999999924e-03 3.265139999999999873e+03
6.982659999999999909e-03 3.164030000000000200e+03
7.985290000000000790e-03 3.058239999999999782e+03
9.131880000000000205e-03 2.948219999999999800e+03
1.044310000000000030e-02 2.834519999999999982e+03
1.194259999999999940e-02 2.717760000000000218e+03
1.365740000000000010e-02 2.598610000000000127e+03
1.561850000000000044e-02 2.477789999999999964e+03
1.786110000000000128e-02 2.356039999999999964e+03
2.042580000000000090e-02 2.234090000000000146e+03
2.335869999999999960e-02 2.112670000000000073e+03
2.671269999999999895e-02 1.992470000000000027e+03
3.054830000000000045e-02 1.874109999999999900e+03
3.493469999999999909e-02 1.758170000000000073e+03
3.995089999999999753e-02 1.645150000000000091e+03
4.568740000000000301e-02 1.535480000000000018e+03
5.224759999999999821e-02 1.429519999999999982e+03
5.974979999999999875e-02 1.327529999999999973e+03
6.832910000000000372e-02 1.229720000000000027e+03
7.814039999999999875e-02 1.136210000000000036e+03
8.936040000000000649e-02 1.047079999999999927e+03
1.021920000000000051e-01 9.623519999999999754e+02
1.168649999999999967e-01 8.819940000000000282e+02
1.336459999999999870e-01 8.059470000000000027e+02
1.528349999999999986e-01 7.341259999999999764e+02
1.747809999999999919e-01 6.664260000000000446e+02
1.998769999999999991e-01 6.027340000000000373e+02
2.285770000000000024e-01 5.429360000000000355e+02
2.613980000000000192e-01 4.869209999999999923e+02
2.989319999999999755e-01 4.345950000000000273e+02
3.418550000000000200e-01 3.858829999999999814e+02
3.909420000000000117e-01 3.407389999999999759e+02
4.470759999999999734e-01 2.991530000000000200e+02
5.112710000000000310e-01 2.611580000000000155e+02
5.846839999999999815e-01 2.268429999999999893e+02
6.686379999999999546e-01 1.963590000000000089e+02
7.646460000000000479e-01 1.699339999999999975e+02
8.744410000000000238e-01 1.478870000000000005e+02
1.000000000000000000e+00 1.287005322253072563e+02
