1.276679999999999928e-11 5.589460000000000000e+07
1.640669999999999955e-11 1.281970000000000000e+08
2.108440000000000011e-11 2.053480000000000000e+08
2.709570000000000136e-11 2.736580000000000000e+08
3.482089999999999837e-11 3.294860000000000000e+08
4.474850000000000062e-11 3.737420000000000000e+08
5.750659999999999894e-11 4.082800000000000000e+08
7.390209999999999547e-11 4.348560000000000000e+08
9.497210000000000646e-11 4.549680000000000000e+08
1.220489999999999991e-10 4.699180000000000000e+08
1.568459999999999979e-10 4.808600000000000000e+08
2.015640000000000083e-10 4.887550000000000000e+08
2.590320000000000005e-10 4.942780000000000000e+08
3.328830000000000177e-10 4.980520000000000000e+08
4.277909999999999861e-10 5.006370000000000000e+08
5.497560000000000401e-10 5.023860000000000000e+08
7.064959999999999558e-10 5.034800000000000000e+08
9.079220000000000210e-10 5.040060000000000000e+08
1.166779999999999976e-09 5.040020000000000000e+08
1.499430000000000063e-09 5.034750000000000000e+08
1.926930000000000086e-09 5.024070000000000000e+08
2.476310000000000106e-09 5.007560000000000000e+08
3.182330000000000115e-09 4.984520000000000000e+08
4.089630000000000073e-09 4.954000000000000000e+08
5.255609999999999804e-09 4.914740000000000000e+08
6.754020000000000216e-09 4.865250000000000000e+08
8.679630000000000146e-09 4.803760000000000000e+08
1.115429999999999983e-08 4.728280000000000000e+08
1.433439999999999963e-08 4.636730000000000000e+08
1.842120000000000087e-08 4.527000000000000000e+08
2.367329999999999930e-08 4.397220000000000000e+08
3.042269999999999752e-08 4.245990000000000000e+08
3.909640000000000325e-08 4.072650000000000000e+08
5.024300000000000196e-08 3.877560000000000000e+08
6.456760000000000438e-08 3.662350000000000000e+08
8.297619999999999890e-08 3.429920000000000000e+08
1.066329999999999993e-07 3.184370000000000000e+08
1.370350000000000091e-07 2.930700000000000000e+08
1.761050000000000010e-07 2.674370000000000000e+08
2.263139999999999975e-07 2.420820000000000000e+08
2.908369999999999989e-07 2.174980000000000000e+08
3.737570000000000029e-07 1.940950000000000000e+08
4.803170000000000254e-07 1.721810000000000000e+08
6.172590000000000349e-07 1.519540000000000000e+08
7.932430000000000046e-07 1.335160000000000000e+08
1.019399999999999930e-06 1.168820000000000000e+08
1.310039999999999997e-06 1.020040000000000000e+08
1.683540000000000105e-06 8.878940000000000000e+07
2.163530000000000104e-06 7.711810000000000000e+07
2.780370000000000114e-06 6.685560000000000000e+07
3.573070000000000164e-06 5.786390000000000000e+07
4.591770000000000253e-06 5.000760000000000000e+07
5.900920000000000247e-06 4.315910000000000000e+07
7.583309999999999736e-06 3.720030000000000000e+07
9.745360000000000491e-06 3.202420000000000000e+07
1.252380000000000027e-05 2.753450000000000000e+07
1.609449999999999981e-05 2.364550000000000000e+07
2.068309999999999853e-05 2.028140000000000000e+07
2.657999999999999962e-05 1.737500000000000000e+07
3.415810000000000081e-05 1.486730000000000000e+07
4.389680000000000296e-05 1.270650000000000000e+07
5.641210000000000153e-05 1.084710000000000000e+07
7.249560000000000433e-05 9.248980000000000000e+06
9.316449999999999883e-05 7.877350000000000000e+06
1.197259999999999985e-04 6.701630000000000000e+06
1.538610000000000097e-04 5.695120000000000000e+06
1.977279999999999880e-04 4.834570000000000000e+06
2.541019999999999737e-04 4.099730000000000000e+06
3.265480000000000184e-04 3.473000000000000000e+06
4.196480000000000045e-04 2.939100000000000000e+06
5.392930000000000423e-04 2.484810000000000000e+06
6.930490000000000522e-04 2.098690000000000000e+06
8.906419999999999745e-04 1.770870000000000000e+06
1.144569999999999919e-03 1.492830000000000000e+06
1.470890000000000088e-03 1.257260000000000000e+06
1.890259999999999944e-03 1.057870000000000000e+06
2.429179999999999968e-03 8.892480000000000000e+05
3.121759999999999900e-03 7.467860000000000000e+05
4.011790000000000321e-03 6.265270000000000000e+05
5.155579999999999885e-03 5.250950000000000000e+05
6.625469999999999623e-03 4.396100000000000000e+05
8.514429999999999915e-03 3.676170000000000000e+05
1.094200000000000034e-02 3.070280000000000000e+05
1.406160000000000049e-02 2.560690000000000000e+05
1.807059999999999916e-02 2.132330000000000000e+05
2.322269999999999890e-02 1.772440000000000000e+05
2.984360000000000138e-02 1.470190000000000000e+05
3.835220000000000296e-02 1.216430000000000000e+05
4.928670000000000273e-02 1.003440000000000000e+05
6.333869999999999778e-02 8.247019999999999709e+04
8.139699999999999713e-02 6.747269999999999709e+04
1.046040000000000025e-01 5.489090000000000146e+04
1.344269999999999909e-01 4.433959999999999854e+04
1.727529999999999899e-01 3.549790000000000146e+04
2.220060000000000089e-01 2.810140000000000146e+04
2.853020000000000000e-01 2.193459999999999854e+04
3.666429999999999967e-01 1.682590000000000146e+04
4.711750000000000105e-01 1.264450000000000000e+04
6.055099999999999927e-01 9.298270000000000437e+03
7.781460000000000043e-01 6.734229999999999563e+03
1.000000000000000000e+00 4.877248028653818437e+03
