1.489459999999999966e-05 4.790970000000000084e+01
1.664559999999999865e-05 7.371899999999999409e+01
1.860239999999999997e-05 1.023020000000000067e+02
2.078920000000000079e-05 1.319840000000000089e+02
2.323319999999999975e-05 1.613689999999999998e+02
2.596440000000000165e-05 1.894819999999999993e+02
2.901669999999999952e-05 2.157510000000000048e+02
3.242780000000000147e-05 2.399250000000000114e+02
3.623989999999999839e-05 2.619519999999999982e+02
4.050020000000000231e-05 2.819010000000000105e+02
4.526129999999999981e-05 2.998899999999999864e+02
5.058199999999999784e-05 3.160620000000000118e+02
5.652829999999999883e-05 3.305609999999999786e+02
6.317360000000000109e-05 3.435269999999999868e+02
7.060010000000000189e-05 3.550769999999999982e+02
7.889969999999999948e-05 3.653570000000000277e+02
8.817489999999999497e-05 3.744719999999999800e+02
9.854040000000000271e-05 3.825149999999999864e+02
1.101249999999999934e-04 3.895939999999999941e+02
1.230699999999999991e-04 3.958009999999999877e+02
1.375380000000000103e-04 4.012239999999999895e+02
1.537069999999999973e-04 4.059490000000000123e+02
1.717760000000000033e-04 4.100550000000000068e+02
1.919699999999999933e-04 4.136150000000000091e+02
2.145369999999999959e-04 4.166940000000000168e+02
2.397570000000000018e-04 4.193369999999999891e+02
2.679429999999999789e-04 4.215869999999999891e+02
2.994410000000000084e-04 4.234909999999999854e+02
3.346429999999999739e-04 4.250960000000000036e+02
3.739820000000000253e-04 4.264499999999999886e+02
4.179459999999999859e-04 4.275919999999999845e+02
4.670790000000000185e-04 4.285570000000000164e+02
5.219870000000000152e-04 4.293709999999999809e+02
5.833509999999999650e-04 4.300520000000000209e+02
6.519279999999999693e-04 4.306139999999999759e+02
7.285660000000000443e-04 4.310679999999999836e+02
8.142149999999999692e-04 4.314189999999999827e+02
9.099309999999999994e-04 4.316730000000000018e+02
1.016900000000000052e-03 4.318340000000000032e+02
1.136440000000000063e-03 4.319039999999999964e+02
1.270040000000000058e-03 4.318829999999999814e+02
1.419340000000000055e-03 4.317719999999999914e+02
1.586200000000000066e-03 4.315710000000000264e+02
1.772670000000000062e-03 4.312780000000000200e+02
1.981060000000000199e-03 4.308910000000000196e+02
2.213940000000000179e-03 4.304060000000000059e+02
2.474210000000000124e-03 4.298199999999999932e+02
2.765070000000000115e-03 4.291259999999999764e+02
3.090120000000000020e-03 4.283210000000000264e+02
3.453390000000000192e-03 4.273960000000000150e+02
3.859360000000000047e-03 4.263439999999999941e+02
4.313049999999999697e-03 4.251549999999999727e+02
4.820080000000000024e-03 4.238210000000000264e+02
5.386710000000000283e-03 4.223299999999999841e+02
6.019960000000000415e-03 4.206700000000000159e+02
6.727649999999999950e-03 4.188290000000000077e+02
7.518529999999999831e-03 4.167919999999999732e+02
8.402389999999999165e-03 4.145450000000000159e+02
9.390149999999999886e-03 4.120720000000000027e+02
1.049399999999999986e-02 4.093559999999999945e+02
1.172770000000000062e-02 4.063799999999999955e+02
1.310629999999999955e-02 4.031270000000000095e+02
1.464709999999999970e-02 3.995779999999999745e+02
1.636900000000000160e-02 3.957149999999999750e+02
1.829319999999999904e-02 3.915190000000000055e+02
2.044369999999999868e-02 3.869730000000000132e+02
2.284699999999999925e-02 3.820590000000000259e+02
2.553290000000000073e-02 3.767610000000000241e+02
2.853440000000000143e-02 3.710649999999999977e+02
3.188889999999999780e-02 3.649590000000000032e+02
3.563759999999999845e-02 3.584320000000000164e+02
3.982709999999999723e-02 3.514769999999999754e+02
4.450899999999999995e-02 3.440899999999999750e+02
4.974139999999999812e-02 3.362710000000000150e+02
5.558880000000000071e-02 3.280240000000000009e+02
6.212369999999999698e-02 3.193559999999999945e+02
6.942679999999999685e-02 3.102810000000000059e+02
7.758840000000000181e-02 3.008149999999999977e+02
8.670949999999999491e-02 2.909809999999999945e+02
9.690279999999999727e-02 2.808039999999999736e+02
1.082940000000000014e-01 2.703140000000000214e+02
1.210249999999999937e-01 2.595459999999999923e+02
1.352530000000000121e-01 2.485360000000000014e+02
1.511520000000000086e-01 2.373249999999999886e+02
1.689209999999999878e-01 2.259550000000000125e+02
1.887790000000000024e-01 2.144720000000000084e+02
2.109719999999999929e-01 2.029219999999999970e+02
2.357730000000000103e-01 1.913530000000000086e+02
2.634900000000000020e-01 1.798139999999999930e+02
2.944649999999999768e-01 1.683559999999999945e+02
3.290810000000000124e-01 1.570300000000000011e+02
3.677670000000000106e-01 1.458909999999999911e+02
4.110010000000000052e-01 1.349939999999999998e+02
4.593169999999999753e-01 1.244000000000000057e+02
5.133119999999999905e-01 1.141719999999999970e+02
5.736560000000000548e-01 1.043799999999999955e+02
6.410930000000000240e-01 9.510269999999999868e+01
7.164580000000000393e-01 8.642659999999999343e+01
8.006830000000000336e-01 7.845149999999999579e+01
8.948089999999999655e-01 7.129160000000000252e+01
1.000000000000000000e+00 6.478516065573379024e+01
