1.489460000000000051e-06 4.790969999999999800e+02
1.703330000000000046e-06 7.947359999999999900e+02
1.947909999999999871e-06 1.145549999999999955e+03
2.227609999999999921e-06 1.503500000000000000e+03
2.547470000000000192e-06 1.847759999999999991e+03
2.913250000000000017e-06 2.166409999999999854e+03
3.331560000000000168e-06 2.454579999999999927e+03
3.809930000000000129e-06 2.711699999999999818e+03
4.356999999999999958e-06 2.939280000000000200e+03
4.982610000000000225e-06 3.139679999999999836e+03
5.698049999999999596e-06 3.315409999999999854e+03
6.516229999999999951e-06 3.468940000000000055e+03
7.451880000000000048e-06 3.602400000000000091e+03
8.521889999999999820e-06 3.718110000000000127e+03
9.745530000000000525e-06 3.817760000000000218e+03
1.114490000000000065e-05 3.903210000000000036e+03
1.274509999999999932e-05 3.976099999999999909e+03
1.457520000000000065e-05 4.037949999999999818e+03
1.666800000000000033e-05 4.090239999999999782e+03
1.906140000000000015e-05 4.134310000000000400e+03
2.179840000000000122e-05 4.171270000000000437e+03
2.492829999999999983e-05 4.201970000000000255e+03
2.850779999999999834e-05 4.227180000000000291e+03
3.260110000000000200e-05 4.247750000000000000e+03
3.728230000000000048e-05 4.264510000000000218e+03
4.263560000000000223e-05 4.278199999999999818e+03
4.875750000000000201e-05 4.289399999999999636e+03
5.575859999999999839e-05 4.298510000000000218e+03
6.376479999999999637e-05 4.305829999999999927e+03
7.292069999999999455e-05 4.311539999999999964e+03
8.339129999999999557e-05 4.315779999999999745e+03
9.536529999999999985e-05 4.318640000000000327e+03
1.090590000000000006e-04 4.320170000000000073e+03
1.247180000000000077e-04 4.320399999999999636e+03
1.426259999999999995e-04 4.319350000000000364e+03
1.631059999999999932e-04 4.317020000000000437e+03
1.865260000000000095e-04 4.313380000000000109e+03
2.133089999999999867e-04 4.308390000000000327e+03
2.439370000000000058e-04 4.302000000000000000e+03
2.789639999999999806e-04 4.294119999999999891e+03
3.190199999999999915e-04 4.284670000000000073e+03
3.648270000000000224e-04 4.273529999999999745e+03
4.172119999999999757e-04 4.260560000000000400e+03
4.771190000000000240e-04 4.245609999999999673e+03
5.456280000000000418e-04 4.228520000000000437e+03
6.239740000000000130e-04 4.209079999999999927e+03
7.135690000000000522e-04 4.187100000000000364e+03
8.160290000000000165e-04 4.162329999999999927e+03
9.332010000000000392e-04 4.134529999999999745e+03
1.067199999999999920e-03 4.103439999999999600e+03
1.220439999999999936e-03 4.068789999999999964e+03
1.395680000000000054e-03 4.030300000000000182e+03
1.596079999999999938e-03 3.987670000000000073e+03
1.825259999999999990e-03 3.940639999999999873e+03
2.087340000000000029e-03 3.888929999999999836e+03
2.387059999999999876e-03 3.832300000000000182e+03
2.729810000000000049e-03 3.770510000000000218e+03
3.121780000000000214e-03 3.703400000000000091e+03
3.570030000000000078e-03 3.630829999999999927e+03
4.082650000000000168e-03 3.552730000000000018e+03
4.668870000000000312e-03 3.469119999999999891e+03
5.339270000000000127e-03 3.380079999999999927e+03
6.105919999999999924e-03 3.285780000000000200e+03
6.982659999999999909e-03 3.186500000000000000e+03
7.985290000000000790e-03 3.082590000000000146e+03
9.131880000000000205e-03 2.974510000000000218e+03
1.044310000000000030e-02 2.862769999999999982e+03
1.194259999999999940e-02 2.747989999999999782e+03
1.365740000000000010e-02 2.630820000000000164e+03
1.561850000000000044e-02 2.511940000000000055e+03
1.786110000000000128e-02 2.392079999999999927e+03
2.042580000000000090e-02 2.271949999999999818e+03
2.335869999999999960e-02 2.152239999999999782e+03
2.671269999999999895e-02 2.033619999999999891e+03
3.054830000000000045e-02 1.916720000000000027e+03
3.493469999999999909e-02 1.802069999999999936e+03
3.995089999999999753e-02 1.690170000000000073e+03
4.568740000000000301e-02 1.581440000000000055e+03
5.224759999999999821e-02 1.476200000000000045e+03
5.974979999999999875e-02 1.374740000000000009e+03
6.832910000000000372e-02 1.277240000000000009e+03
7.814039999999999875e-02 1.183829999999999927e+03
8.936040000000000649e-02 1.094589999999999918e+03
1.021920000000000051e-01 1.009539999999999964e+03
1.168649999999999967e-01 9.286559999999999491e+02
1.336459999999999870e-01 8.518840000000000146e+02
1.528349999999999986e-01 7.791449999999999818e+02
1.747809999999999919e-01 7.103440000000000509e+02
1.998769999999999991e-01 6.453740000000000236e+02
2.285770000000000024e-01 5.841309999999999718e+02
2.613980000000000192e-01 5.265130000000000337e+02
2.989319999999999755e-01 4.724350000000000023e+02
3.418550000000000200e-01 4.218299999999999841e+02
3.909420000000000117e-01 3.746580000000000155e+02
4.470759999999999734e-01 3.309169999999999732e+02
5.112710000000000310e-01 2.906449999999999818e+02
5.846839999999999815e-01 2.539370000000000118e+02
6.686379999999999546e-01 2.209470000000000027e+02
7.646460000000000479e-01 1.919060000000000059e+02
8.744410000000000238e-01 1.671339999999999861e+02
1.000000000000000000e+00 1.455598779522263726e+02
