4.468389999999999819e-04 1.595539999999999958e+00
4.826690000000000234e-04 2.179079999999999906e+00
5.213719999999999813e-04 2.816219999999999946e+00
5.631790000000000233e-04 3.486580000000000013e+00
6.083380000000000428e-04 4.172089999999999854e+00
6.571180000000000467e-04 4.856799999999999784e+00
7.098090000000000475e-04 5.527940000000000076e+00
7.667260000000000178e-04 6.176280000000000214e+00
8.282069999999999666e-04 6.795630000000000059e+00
8.946170000000000034e-04 7.382410000000000139e+00
9.663529999999999820e-04 7.934929999999999595e+00
1.043840000000000089e-03 8.452870000000000772e+00
1.127540000000000009e-03 8.936790000000000234e+00
1.217949999999999979e-03 9.387779999999999347e+00
1.315619999999999984e-03 9.807230000000000558e+00
1.421109999999999951e-03 1.019669999999999987e+01
1.535059999999999984e-03 1.055770000000000053e+01
1.658160000000000103e-03 1.089189999999999969e+01
1.791119999999999995e-03 1.120079999999999920e+01
1.934739999999999897e-03 1.148590000000000089e+01
2.089880000000000123e-03 1.174799999999999933e+01
2.257460000000000196e-03 1.198939999999999984e+01
2.438469999999999874e-03 1.221100000000000030e+01
2.634000000000000057e-03 1.241389999999999993e+01
2.845209999999999927e-03 1.259909999999999997e+01
3.073359999999999807e-03 1.276789999999999914e+01
3.319799999999999921e-03 1.292120000000000068e+01
3.586000000000000212e-03 1.306010000000000026e+01
3.873539999999999969e-03 1.318560000000000088e+01
4.184150000000000195e-03 1.329850000000000065e+01
4.519659999999999997e-03 1.339980000000000082e+01
4.882069999999999639e-03 1.349029999999999951e+01
5.273540000000000172e-03 1.357089999999999996e+01
5.696409999999999842e-03 1.364209999999999923e+01
6.153180000000000281e-03 1.370480000000000054e+01
6.646580000000000023e-03 1.375919999999999987e+01
7.179539999999999880e-03 1.380589999999999939e+01
7.755240000000000050e-03 1.384520000000000017e+01
8.377100000000000171e-03 1.387780000000000058e+01
9.048820000000000821e-03 1.390390000000000015e+01
9.774410000000000737e-03 1.392409999999999926e+01
1.055820000000000022e-02 1.393890000000000029e+01
1.140479999999999966e-02 1.394860000000000078e+01
1.231930000000000004e-02 1.395350000000000001e+01
1.330710000000000053e-02 1.395379999999999932e+01
1.437420000000000017e-02 1.394979999999999976e+01
1.552680000000000032e-02 1.394159999999999933e+01
1.677179999999999990e-02 1.392910000000000004e+01
1.811669999999999947e-02 1.391239999999999988e+01
1.956940000000000068e-02 1.389160000000000039e+01
2.113860000000000045e-02 1.386640000000000050e+01
2.283359999999999904e-02 1.383680000000000021e+01
2.466449999999999892e-02 1.380259999999999998e+01
2.664220000000000130e-02 1.376379999999999981e+01
2.877860000000000140e-02 1.372000000000000064e+01
3.108620000000000133e-02 1.367120000000000068e+01
3.357890000000000180e-02 1.361700000000000088e+01
3.627140000000000225e-02 1.355719999999999992e+01
3.917989999999999667e-02 1.349160000000000004e+01
4.232160000000000089e-02 1.341970000000000063e+01
4.571519999999999750e-02 1.334140000000000015e+01
4.938089999999999841e-02 1.325619999999999976e+01
5.334049999999999903e-02 1.316380000000000017e+01
5.761770000000000086e-02 1.306380000000000052e+01
6.223780000000000284e-02 1.295560000000000045e+01
6.722839999999999372e-02 1.283900000000000041e+01
7.261919999999999487e-02 1.271340000000000003e+01
7.844220000000000359e-02 1.257840000000000025e+01
8.473219999999999363e-02 1.243329999999999913e+01
9.152649999999999675e-02 1.227779999999999916e+01
9.886559999999999793e-02 1.211120000000000019e+01
1.067929999999999990e-01 1.193299999999999983e+01
1.153570000000000012e-01 1.174259999999999948e+01
1.246069999999999955e-01 1.153950000000000031e+01
1.345979999999999954e-01 1.132319999999999993e+01
1.453909999999999925e-01 1.109309999999999974e+01
1.570489999999999942e-01 1.084869999999999912e+01
1.696429999999999882e-01 1.058949999999999925e+01
1.832449999999999912e-01 1.031520000000000081e+01
1.979390000000000038e-01 1.002529999999999966e+01
2.138110000000000011e-01 9.719760000000000844e+00
2.309559999999999946e-01 9.398320000000000007e+00
2.494750000000000023e-01 9.061030000000000584e+00
2.694790000000000241e-01 8.708109999999999573e+00
2.910880000000000134e-01 8.339959999999999596e+00
3.144290000000000140e-01 7.957270000000000287e+00
3.396419999999999995e-01 7.561020000000000074e+00
3.668759999999999799e-01 7.152560000000000251e+00
3.962950000000000084e-01 6.733690000000000175e+00
4.280720000000000081e-01 6.306670000000000442e+00
4.623970000000000025e-01 5.874399999999999622e+00
4.994750000000000023e-01 5.440409999999999968e+00
5.395259999999999501e-01 5.009050000000000225e+00
5.827879999999999727e-01 4.585539999999999949e+00
6.295190000000000508e-01 4.176140000000000185e+00
6.799979999999999913e-01 3.788289999999999935e+00
7.345239999999999547e-01 3.430730000000000057e+00
7.934229999999999894e-01 3.113729999999999887e+00
8.570440000000000280e-01 2.849250000000000060e+00
9.257670000000000066e-01 2.651149999999999896e+00
1.000000000000000000e+00 2.466824759768103004e+00
