8.936770000000000130e-03 7.984130000000000393e-02
9.368480000000000210e-03 9.732760000000000022e-02
9.821029999999999691e-03 1.159639999999999976e-01
1.029550000000000083e-02 1.355200000000000016e-01
1.079279999999999996e-02 1.557379999999999876e-01
1.131410000000000055e-02 1.764280000000000015e-01
1.186070000000000006e-02 1.973810000000000009e-01
1.243359999999999951e-02 2.184039999999999870e-01
1.303430000000000040e-02 2.393309999999999882e-01
1.366389999999999966e-02 2.600210000000000021e-01
1.432390000000000052e-02 2.803550000000000209e-01
1.501590000000000043e-02 3.002369999999999761e-01
1.574120000000000033e-02 3.195939999999999892e-01
1.650160000000000168e-02 3.383720000000000061e-01
1.729879999999999959e-02 3.565329999999999888e-01
1.813439999999999844e-02 3.740539999999999976e-01
1.901040000000000021e-02 3.909349999999999770e-01
1.992870000000000058e-02 4.071449999999999791e-01
2.089140000000000094e-02 4.227009999999999934e-01
2.190059999999999923e-02 4.376110000000000277e-01
2.295859999999999915e-02 4.518869999999999831e-01
2.406760000000000149e-02 4.655429999999999846e-01
2.523020000000000124e-02 4.785949999999999926e-01
2.644900000000000029e-02 4.910599999999999965e-01
2.772660000000000055e-02 5.029569999999999874e-01
2.906600000000000156e-02 5.143039999999999834e-01
3.047009999999999996e-02 5.251179999999999737e-01
3.194199999999999817e-02 5.354179999999999495e-01
3.348500000000000087e-02 5.452200000000000379e-01
3.510250000000000176e-02 5.545419999999999794e-01
3.679820000000000313e-02 5.634000000000000119e-01
3.857580000000000037e-02 5.718140000000000445e-01
4.043920000000000153e-02 5.797849999999999948e-01
4.239269999999999844e-02 5.873340000000000227e-01
4.444050000000000084e-02 5.944960000000000244e-01
4.658729999999999816e-02 6.012610000000000454e-01
4.883780000000000066e-02 6.076610000000000067e-01
5.119689999999999658e-02 6.136939999999999618e-01
5.367009999999999836e-02 6.193710000000000049e-01
5.626269999999999882e-02 6.247089999999999588e-01
5.898049999999999821e-02 6.297199999999999465e-01
6.182959999999999845e-02 6.344170000000000087e-01
6.481639999999999624e-02 6.388070000000000137e-01
6.794740000000000502e-02 6.429030000000000022e-01
7.122970000000000690e-02 6.467150000000000398e-01
7.467060000000000364e-02 6.502529999999999699e-01
7.827760000000000273e-02 6.535260000000000513e-01
8.205890000000000406e-02 6.565419999999999590e-01
8.602289999999999937e-02 6.593120000000000092e-01
9.017830000000000290e-02 6.618460000000000454e-01
9.453449999999999354e-02 6.641489999999999894e-01
9.910109999999999753e-02 6.662310000000000176e-01
1.038879999999999942e-01 6.680989999999999984e-01
1.089070000000000038e-01 6.697600000000000220e-01
1.141680000000000056e-01 6.712209999999999566e-01
1.196829999999999977e-01 6.724879999999999747e-01
1.254639999999999922e-01 6.735649999999999693e-01
1.315250000000000030e-01 6.744539999999999980e-01
1.378780000000000006e-01 6.751589999999999536e-01
1.445390000000000008e-01 6.756830000000000336e-01
1.515209999999999890e-01 6.760300000000000198e-01
1.588400000000000090e-01 6.762019999999999698e-01
1.665129999999999943e-01 6.762040000000000273e-01
1.745569999999999899e-01 6.760389999999999455e-01
1.829890000000000128e-01 6.757100000000000328e-01
1.918289999999999995e-01 6.752219999999999889e-01
2.010949999999999960e-01 6.745780000000000109e-01
2.108089999999999964e-01 6.737800000000000455e-01
2.209929999999999950e-01 6.728319999999999856e-01
2.316680000000000128e-01 6.717370000000000285e-01
2.428589999999999915e-01 6.704970000000000097e-01
2.545910000000000117e-01 6.691129999999999578e-01
2.668889999999999874e-01 6.675860000000000127e-01
2.797810000000000019e-01 6.659180000000000099e-01
2.932969999999999744e-01 6.641099999999999781e-01
3.074649999999999883e-01 6.621620000000000283e-01
3.223170000000000202e-01 6.600749999999999673e-01
3.378869999999999929e-01 6.578490000000000171e-01
3.542089999999999961e-01 6.554849999999999843e-01
3.713199999999999834e-01 6.529829999999999801e-01
3.892570000000000197e-01 6.503440000000000332e-01
4.080599999999999783e-01 6.475699999999999790e-01
4.277719999999999856e-01 6.446610000000000396e-01
4.484360000000000013e-01 6.416199999999999681e-01
4.700989999999999891e-01 6.384490000000000443e-01
4.928069999999999951e-01 6.351529999999999676e-01
5.166129999999999889e-01 6.317350000000000465e-01
5.415689999999999671e-01 6.282020000000000381e-01
5.677299999999999569e-01 6.245589999999999753e-01
5.951549999999999896e-01 6.208150000000000057e-01
6.239040000000000141e-01 6.169799999999999729e-01
6.540430000000000410e-01 6.130659999999999998e-01
6.856370000000000520e-01 6.090870000000000450e-01
7.187580000000000080e-01 6.050569999999999560e-01
7.534779999999999811e-01 6.009970000000000034e-01
7.898760000000000225e-01 5.969290000000000429e-01
8.280319999999999903e-01 5.928769999999999873e-01
8.680309999999999970e-01 5.888700000000000045e-01
9.099629999999999663e-01 5.849419999999999620e-01
9.539199999999999902e-01 5.811309999999999532e-01
1.000000000000000000e+00 5.773448615452927424e-01
