9.929750000000000093e-07 7.186449999999999818e+02
1.140169999999999919e-06 1.207470000000000027e+03
1.309179999999999974e-06 1.750849999999999909e+03
1.503249999999999965e-06 2.303239999999999782e+03
1.726079999999999955e-06 2.831590000000000146e+03
1.981939999999999866e-06 3.317789999999999964e+03
2.275739999999999916e-06 3.755059999999999945e+03
2.613079999999999891e-06 4.143199999999999818e+03
3.000430000000000087e-06 4.485090000000000146e+03
3.445200000000000066e-06 4.784670000000000073e+03
3.955889999999999830e-06 5.046060000000000400e+03
4.542289999999999840e-06 5.273119999999999891e+03
5.215620000000000218e-06 5.469510000000000218e+03
5.988750000000000048e-06 5.638710000000000036e+03
6.876490000000000293e-06 5.783460000000000036e+03
7.895830000000000261e-06 5.906699999999999818e+03
9.066260000000000505e-06 6.011060000000000400e+03
1.041020000000000072e-05 6.099010000000000218e+03
1.195329999999999955e-05 6.172850000000000364e+03
1.372520000000000032e-05 6.234630000000000109e+03
1.575980000000000114e-05 6.285880000000000109e+03
1.809590000000000067e-05 6.327880000000000109e+03
2.077840000000000082e-05 6.362000000000000000e+03
2.385849999999999866e-05 6.389649999999999636e+03
2.739510000000000136e-05 6.412090000000000146e+03
3.145599999999999834e-05 6.430340000000000146e+03
3.611889999999999735e-05 6.445130000000000109e+03
4.147300000000000086e-05 6.456979999999999563e+03
4.762070000000000300e-05 6.466229999999999563e+03
5.467969999999999759e-05 6.473100000000000364e+03
6.278509999999999625e-05 6.477760000000000218e+03
7.209209999999999371e-05 6.480279999999999745e+03
8.277860000000000057e-05 6.480750000000000000e+03
9.504920000000000469e-05 6.479180000000000291e+03
1.091389999999999998e-04 6.475560000000000400e+03
1.253170000000000065e-04 6.469859999999999673e+03
1.438929999999999994e-04 6.462020000000000437e+03
1.652229999999999866e-04 6.451920000000000073e+03
1.897149999999999954e-04 6.439460000000000036e+03
2.178369999999999948e-04 6.424470000000000255e+03
2.501280000000000148e-04 6.406750000000000000e+03
2.872059999999999739e-04 6.386079999999999927e+03
3.297800000000000037e-04 6.362220000000000255e+03
3.786649999999999803e-04 6.334859999999999673e+03
4.347959999999999889e-04 6.303680000000000291e+03
4.992479999999999878e-04 6.268329999999999927e+03
5.732530000000000221e-04 6.228430000000000291e+03
6.582289999999999756e-04 6.183560000000000400e+03
7.558019999999999712e-04 6.133279999999999745e+03
8.678380000000000078e-04 6.077149999999999636e+03
9.964810000000000161e-04 6.014699999999999818e+03
1.144190000000000007e-03 5.945470000000000255e+03
1.313799999999999951e-03 5.869020000000000437e+03
1.508549999999999995e-03 5.784909999999999854e+03
1.732170000000000107e-03 5.692770000000000437e+03
1.988939999999999805e-03 5.592270000000000437e+03
2.283770000000000071e-03 5.483189999999999600e+03
2.622310000000000092e-03 5.365380000000000109e+03
3.011020000000000103e-03 5.238819999999999709e+03
3.457360000000000034e-03 5.103619999999999891e+03
3.969860000000000402e-03 4.960039999999999964e+03
4.558330000000000194e-03 4.808500000000000000e+03
5.234029999999999759e-03 4.649569999999999709e+03
6.009900000000000311e-03 4.483970000000000255e+03
6.900769999999999647e-03 4.312550000000000182e+03
7.923710000000000475e-03 4.136310000000000400e+03
9.098270000000000315e-03 3.956309999999999945e+03
1.044699999999999969e-02 3.773710000000000036e+03
1.199560000000000036e-02 3.589659999999999854e+03
1.377369999999999983e-02 3.405369999999999891e+03
1.581540000000000029e-02 3.221960000000000036e+03
1.815980000000000025e-02 3.040530000000000200e+03
2.085180000000000020e-02 2.862070000000000164e+03
2.394270000000000079e-02 2.687489999999999782e+03
2.749180000000000026e-02 2.517559999999999945e+03
3.156710000000000071e-02 2.352929999999999836e+03
3.624639999999999807e-02 2.194130000000000109e+03
4.161940000000000084e-02 2.041559999999999945e+03
4.778879999999999934e-02 1.895490000000000009e+03
5.487279999999999935e-02 1.756109999999999900e+03
6.300680000000000169e-02 1.623480000000000018e+03
7.234659999999999702e-02 1.497589999999999918e+03
8.307090000000000307e-02 1.378349999999999909e+03
9.538489999999999469e-02 1.265640000000000100e+03
1.095239999999999964e-01 1.159269999999999982e+03
1.257590000000000097e-01 1.059029999999999973e+03
1.444010000000000016e-01 9.646860000000000355e+02
1.658070000000000099e-01 8.760040000000000191e+02
1.903849999999999987e-01 7.927459999999999809e+02
2.186069999999999958e-01 7.146849999999999454e+02
2.510120000000000129e-01 6.416130000000000564e+02
2.882199999999999762e-01 5.733490000000000464e+02
3.309440000000000159e-01 5.097470000000000141e+02
3.800020000000000064e-01 4.507010000000000218e+02
4.363310000000000244e-01 3.961610000000000014e+02
5.010109999999999841e-01 3.461329999999999814e+02
5.752779999999999561e-01 3.006990000000000123e+02
6.605539999999999745e-01 2.600240000000000009e+02
7.584710000000000063e-01 2.243710000000000093e+02
8.709019999999999539e-01 1.941229999999999905e+02
1.000000000000000000e+00 1.679526425464903241e+02
