4.468389999999999952e-08 1.596989999999999964e+04
5.292360000000000282e-08 2.947340000000000146e+04
6.268270000000000317e-08 4.444309999999999854e+04
7.424140000000000462e-08 5.917640000000000146e+04
8.793160000000000104e-08 7.267169999999999709e+04
1.041459999999999983e-07 8.455619999999999709e+04
1.233510000000000039e-07 9.481500000000000000e+04
1.460969999999999880e-07 1.035770000000000000e+05
1.730369999999999897e-07 1.110080000000000000e+05
2.049450000000000131e-07 1.172690000000000000e+05
2.427369999999999851e-07 1.225130000000000000e+05
2.874979999999999980e-07 1.268710000000000000e+05
3.405120000000000252e-07 1.304620000000000000e+05
4.033029999999999950e-07 1.333990000000000000e+05
4.776719999999999643e-07 1.357810000000000000e+05
5.657549999999999729e-07 1.377030000000000000e+05
6.700800000000000286e-07 1.392440000000000000e+05
7.936430000000000347e-07 1.404600000000000000e+05
9.399909999999999631e-07 1.414040000000000000e+05
1.113329999999999978e-06 1.421340000000000000e+05
1.318620000000000091e-06 1.427000000000000000e+05
1.561780000000000105e-06 1.431380000000000000e+05
1.849770000000000079e-06 1.434740000000000000e+05
2.190870000000000083e-06 1.437230000000000000e+05
2.594860000000000089e-06 1.438940000000000000e+05
3.073359999999999828e-06 1.439920000000000000e+05
3.640089999999999821e-06 1.440210000000000000e+05
4.311320000000000254e-06 1.439810000000000000e+05
5.106330000000000118e-06 1.438740000000000000e+05
6.047929999999999708e-06 1.436980000000000000e+05
7.163169999999999893e-06 1.434480000000000000e+05
8.484070000000000240e-06 1.431210000000000000e+05
1.004850000000000044e-05 1.427090000000000000e+05
1.190149999999999947e-05 1.422070000000000000e+05
1.409610000000000045e-05 1.416020000000000000e+05
1.669539999999999943e-05 1.408860000000000000e+05
1.977410000000000097e-05 1.400450000000000000e+05
2.342040000000000026e-05 1.390640000000000000e+05
2.773920000000000032e-05 1.379290000000000000e+05
3.285430000000000154e-05 1.366210000000000000e+05
3.891259999999999739e-05 1.351230000000000000e+05
4.608809999999999670e-05 1.334160000000000000e+05
5.458679999999999717e-05 1.314820000000000000e+05
6.465260000000000505e-05 1.293020000000000000e+05
7.657449999999999674e-05 1.268610000000000000e+05
9.069490000000000472e-05 1.241460000000000000e+05
1.074189999999999959e-04 1.211460000000000000e+05
1.272269999999999933e-04 1.178580000000000000e+05
1.506880000000000047e-04 1.142830000000000000e+05
1.784749999999999878e-04 1.104310000000000000e+05
2.113860000000000120e-04 1.063180000000000000e+05
2.503650000000000059e-04 1.019680000000000000e+05
2.965329999999999746e-04 9.741339999999999418e+04
3.512130000000000135e-04 9.269239999999999418e+04
4.159769999999999917e-04 8.784869999999999709e+04
4.926830000000000532e-04 8.292919999999999709e+04
5.835340000000000275e-04 7.798260000000000582e+04
6.911379999999999954e-04 7.305680000000000291e+04
8.185840000000000217e-04 6.819760000000000582e+04
9.695310000000000386e-04 6.344640000000000146e+04
1.148310000000000042e-03 5.883969999999999709e+04
1.360059999999999958e-03 5.440769999999999709e+04
1.610859999999999983e-03 5.017430000000000291e+04
1.907899999999999917e-03 4.615709999999999854e+04
2.259719999999999784e-03 4.236759999999999854e+04
2.676410000000000160e-03 3.881159999999999854e+04
3.169939999999999997e-03 3.549030000000000291e+04
3.754480000000000144e-03 3.240100000000000000e+04
4.446809999999999825e-03 2.953759999999999854e+04
5.266800000000000301e-03 2.689179999999999927e+04
6.237999999999999622e-03 2.445340000000000146e+04
7.388289999999999615e-03 2.221109999999999854e+04
8.750690000000000204e-03 2.015309999999999854e+04
1.036429999999999990e-02 1.826720000000000073e+04
1.227549999999999995e-02 1.654120000000000073e+04
1.453909999999999925e-02 1.496320000000000073e+04
1.722009999999999860e-02 1.352179999999999927e+04
2.039550000000000043e-02 1.220610000000000036e+04
2.415650000000000089e-02 1.100589999999999964e+04
2.861090000000000161e-02 9.911520000000000437e+03
3.388680000000000164e-02 8.913969999999999345e+03
4.013549999999999757e-02 8.004960000000000036e+03
4.753650000000000236e-02 7.176800000000000182e+03
5.630219999999999669e-02 6.422439999999999600e+03
6.668440000000000478e-02 5.735359999999999673e+03
7.898099999999999565e-02 5.109640000000000327e+03
9.354510000000000602e-02 4.539850000000000364e+03
1.107950000000000046e-01 4.021070000000000164e+03
1.312250000000000083e-01 3.548820000000000164e+03
1.554230000000000056e-01 3.119099999999999909e+03
1.840839999999999976e-01 2.728320000000000164e+03
2.180290000000000006e-01 2.373340000000000146e+03
2.582329999999999903e-01 2.051400000000000091e+03
3.058509999999999840e-01 1.760220000000000027e+03
3.622509999999999897e-01 1.497910000000000082e+03
4.290499999999999869e-01 1.263099999999999909e+03
5.081670000000000353e-01 1.054890000000000100e+03
6.018729999999999913e-01 8.729600000000000364e+02
7.128579999999999917e-01 7.176330000000000382e+02
8.443089999999999762e-01 5.899589999999999463e+02
1.000000000000000000e+00 4.849992197249993069e+02
