9.929750000000000622e-08 7.186449999999999818e+03
1.166730000000000019e-07 1.295460000000000036e+04
1.370879999999999898e-07 1.935840000000000146e+04
1.610760000000000058e-07 2.571800000000000000e+04
1.892609999999999899e-07 3.160959999999999854e+04
2.223780000000000078e-07 3.685609999999999854e+04
2.612899999999999793e-07 4.143150000000000000e+04
3.070099999999999943e-07 4.537740000000000146e+04
3.607310000000000026e-07 4.875690000000000146e+04
4.238519999999999760e-07 5.163509999999999854e+04
4.980169999999999787e-07 5.407030000000000291e+04
5.851610000000000079e-07 5.612059999999999854e+04
6.875520000000000411e-07 5.783230000000000291e+04
8.078599999999999826e-07 5.925109999999999854e+04
9.492199999999999725e-07 6.041880000000000291e+04
1.115309999999999999e-06 6.137380000000000291e+04
1.310470000000000008e-06 6.215109999999999854e+04
1.539779999999999935e-06 6.277890000000000146e+04
1.809210000000000039e-06 6.327809999999999854e+04
2.125790000000000191e-06 6.367000000000000000e+04
2.497760000000000206e-06 6.397650000000000000e+04
2.934819999999999965e-06 6.421690000000000146e+04
3.448350000000000196e-06 6.440559999999999854e+04
4.051749999999999789e-06 6.455200000000000000e+04
4.760719999999999712e-06 6.466250000000000000e+04
5.593760000000000294e-06 6.474059999999999854e+04
6.572560000000000139e-06 6.478890000000000146e+04
7.722619999999999255e-06 6.480859999999999854e+04
9.073930000000000044e-06 6.480050000000000000e+04
1.066169999999999992e-05 6.476469999999999709e+04
1.252729999999999947e-05 6.470069999999999709e+04
1.471929999999999983e-05 6.460750000000000000e+04
1.729489999999999936e-05 6.448359999999999854e+04
2.032120000000000120e-05 6.432690000000000146e+04
2.387699999999999857e-05 6.413450000000000000e+04
2.805500000000000159e-05 6.390319999999999709e+04
3.296399999999999813e-05 6.362909999999999854e+04
3.873210000000000140e-05 6.330769999999999709e+04
4.550950000000000194e-05 6.293369999999999709e+04
5.347270000000000050e-05 6.250150000000000000e+04
6.282940000000000530e-05 6.200490000000000146e+04
7.382329999999999502e-05 6.143709999999999854e+04
8.674100000000000180e-05 6.079109999999999854e+04
1.019189999999999978e-04 6.005950000000000000e+04
1.197530000000000035e-04 5.923519999999999709e+04
1.407070000000000065e-04 5.831130000000000291e+04
1.653279999999999865e-04 5.728130000000000291e+04
1.942570000000000071e-04 5.613980000000000291e+04
2.282479999999999871e-04 5.488290000000000146e+04
2.681870000000000261e-04 5.350830000000000291e+04
3.151149999999999806e-04 5.201600000000000000e+04
3.702539999999999824e-04 5.040850000000000000e+04
4.350409999999999976e-04 4.869119999999999709e+04
5.111649999999999484e-04 4.687209999999999854e+04
6.006089999999999953e-04 4.496240000000000146e+04
7.057030000000000160e-04 4.297559999999999854e+04
8.291880000000000171e-04 4.092769999999999709e+04
9.742789999999999871e-04 3.883630000000000291e+04
1.144760000000000092e-03 3.671990000000000146e+04
1.345070000000000076e-03 3.459740000000000146e+04
1.580430000000000073e-03 3.248740000000000146e+04
1.856970000000000105e-03 3.040740000000000146e+04
2.181910000000000013e-03 2.837329999999999927e+04
2.563699999999999920e-03 2.639900000000000000e+04
3.012299999999999874e-03 2.449620000000000073e+04
3.539389999999999897e-03 2.267409999999999854e+04
4.158710000000000358e-03 2.093970000000000073e+04
4.886409999999999886e-03 1.929770000000000073e+04
5.741429999999999624e-03 1.775050000000000000e+04
6.746069999999999844e-03 1.629900000000000000e+04
7.926499999999999518e-03 1.494239999999999964e+04
9.313480000000000716e-03 1.367860000000000036e+04
1.094320000000000015e-02 1.250470000000000073e+04
1.285799999999999964e-02 1.141689999999999964e+04
1.510790000000000050e-02 1.041100000000000000e+04
1.775149999999999992e-02 9.482479999999999563e+03
2.085760000000000045e-02 8.626559999999999491e+03
2.450729999999999922e-02 7.838520000000000437e+03
2.879560000000000106e-02 7.113659999999999854e+03
3.383429999999999771e-02 6.447399999999999636e+03
3.975460000000000105e-02 5.835359999999999673e+03
4.671089999999999964e-02 5.273369999999999891e+03
5.488439999999999985e-02 4.757500000000000000e+03
6.448810000000000653e-02 4.284060000000000400e+03
7.577219999999999789e-02 3.849619999999999891e+03
8.903089999999999615e-02 3.451010000000000218e+03
1.046099999999999947e-01 3.085320000000000164e+03
1.229139999999999955e-01 2.749869999999999891e+03
1.444219999999999948e-01 2.442239999999999782e+03
1.696930000000000105e-01 2.160230000000000018e+03
1.993860000000000077e-01 1.901900000000000091e+03
2.342740000000000100e-01 1.665529999999999973e+03
2.752680000000000127e-01 1.449660000000000082e+03
3.234339999999999993e-01 1.253069999999999936e+03
3.800290000000000057e-01 1.074799999999999955e+03
4.465259999999999785e-01 9.141970000000000027e+02
5.246589999999999865e-01 7.709030000000000200e+02
6.164650000000000407e-01 6.449270000000000209e+02
7.243340000000000334e-01 5.366789999999999736e+02
8.510780000000000012e-01 4.470400000000000205e+02
1.000000000000000000e+00 3.723728470951153895e+02
