2.234190000000000068e-10 3.193980000000000000e+06
2.790160000000000010e-10 6.818870000000000000e+06
3.484480000000000048e-10 1.075530000000000000e+07
4.351580000000000083e-10 1.437980000000000000e+07
5.434449999999999778e-10 1.745950000000000000e+07
6.786799999999999766e-10 1.998890000000000000e+07
8.475659999999999660e-10 2.203410000000000000e+07
1.058480000000000051e-09 2.366900000000000000e+07
1.321879999999999989e-09 2.496260000000000000e+07
1.650820000000000096e-09 2.597140000000000000e+07
2.061620000000000166e-09 2.674730000000000000e+07
2.574649999999999996e-09 2.733660000000000000e+07
3.215340000000000190e-09 2.777980000000000000e+07
4.015460000000000111e-09 2.810660000000000000e+07
5.014690000000000185e-09 2.834130000000000000e+07
6.262569999999999809e-09 2.850860000000000000e+07
7.820989999999999480e-09 2.862830000000000000e+07
9.767199999999999938e-09 2.871250000000000000e+07
1.219769999999999976e-08 2.876780000000000000e+07
1.523310000000000026e-08 2.879740000000000000e+07
1.902380000000000125e-08 2.880320000000000000e+07
2.375779999999999917e-08 2.878550000000000000e+07
2.966979999999999943e-08 2.874410000000000000e+07
3.705300000000000098e-08 2.867760000000000000e+07
4.627340000000000194e-08 2.858400000000000000e+07
5.778840000000000281e-08 2.846010000000000000e+07
7.216880000000000498e-08 2.830190000000000000e+07
9.012769999999999515e-08 2.810440000000000000e+07
1.125560000000000055e-07 2.786160000000000000e+07
1.405649999999999885e-07 2.756660000000000000e+07
1.755429999999999990e-07 2.721180000000000000e+07
2.192270000000000082e-07 2.678880000000000000e+07
2.737800000000000071e-07 2.628930000000000000e+07
3.419089999999999946e-07 2.570530000000000000e+07
4.269919999999999896e-07 2.502950000000000000e+07
5.332469999999999574e-07 2.425690000000000000e+07
6.659429999999999698e-07 2.338500000000000000e+07
8.316609999999999983e-07 2.241520000000000000e+07
1.038620000000000019e-06 2.135280000000000000e+07
1.297070000000000060e-06 2.020810000000000000e+07
1.619839999999999978e-06 1.899560000000000000e+07
2.022930000000000129e-06 1.773360000000000000e+07
2.526329999999999832e-06 1.644290000000000000e+07
3.154999999999999863e-06 1.514540000000000000e+07
3.940099999999999766e-06 1.386270000000000000e+07
4.920580000000000244e-06 1.261410000000000000e+07
6.145049999999999720e-06 1.141640000000000000e+07
7.674219999999999853e-06 1.028260000000000000e+07
9.583910000000000538e-06 9.221820000000000000e+06
1.196879999999999965e-05 8.239700000000000000e+06
1.494719999999999980e-05 7.338530000000000000e+06
1.866679999999999888e-05 6.517940000000000000e+06
2.331189999999999952e-05 5.775520000000000000e+06
2.911300000000000061e-05 5.107380000000000000e+06
3.635759999999999898e-05 4.508740000000000000e+06
4.540509999999999663e-05 3.974280000000000000e+06
5.670389999999999762e-05 3.498500000000000000e+06
7.081449999999999767e-05 3.075980000000000000e+06
8.843629999999999894e-05 2.701470000000000000e+06
1.104429999999999995e-04 2.370080000000000000e+06
1.379270000000000094e-04 2.077240000000000000e+06
1.722489999999999969e-04 1.818790000000000000e+06
2.151130000000000121e-04 1.590960000000000000e+06
2.686419999999999802e-04 1.390330000000000000e+06
3.354930000000000217e-04 1.213830000000000000e+06
4.189789999999999877e-04 1.058730000000000000e+06
5.232400000000000115e-04 9.225550000000000000e+05
6.534460000000000181e-04 8.031300000000000000e+05
8.160539999999999764e-04 6.984960000000000000e+05
1.019120000000000095e-03 6.069150000000000000e+05
1.272729999999999912e-03 5.268390000000000000e+05
1.589439999999999907e-03 4.568930000000000000e+05
1.984969999999999964e-03 3.958570000000000000e+05
2.478919999999999908e-03 3.426470000000000000e+05
3.095790000000000174e-03 2.963040000000000000e+05
3.866159999999999996e-03 2.559800000000000000e+05
4.828240000000000136e-03 2.209230000000000000e+05
6.029729999999999639e-03 1.904730000000000000e+05
7.530199999999999914e-03 1.640460000000000000e+05
9.404060000000000544e-03 1.411270000000000000e+05
1.174419999999999978e-02 1.212670000000000000e+05
1.466669999999999953e-02 1.040670000000000000e+05
1.831649999999999945e-02 8.918080000000000291e+04
2.287439999999999959e-02 7.630410000000000582e+04
2.856670000000000043e-02 6.517069999999999709e+04
3.567530000000000007e-02 5.554850000000000000e+04
4.455300000000000232e-02 4.723490000000000146e+04
5.563980000000000314e-02 4.005369999999999709e+04
6.948550000000000559e-02 3.385180000000000291e+04
8.677669999999999828e-02 2.849659999999999854e+04
1.083709999999999951e-01 2.387340000000000146e+04
1.353380000000000138e-01 1.988340000000000146e+04
1.690170000000000006e-01 1.644220000000000073e+04
2.110760000000000136e-01 1.347810000000000036e+04
2.636009999999999742e-01 1.093110000000000036e+04
3.291970000000000174e-01 8.751889999999999418e+03
4.111159999999999815e-01 6.901439999999999600e+03
5.134210000000000163e-01 5.350770000000000437e+03
6.411839999999999762e-01 4.081150000000000091e+03
8.007389999999999786e-01 3.084699999999999818e+03
1.000000000000000000e+00 2.331537529551597345e+03
