1.276679999999999981e-04 5.589459999999999873e+00
1.396439999999999932e-04 7.986030000000000406e+00
1.527429999999999977e-04 1.062040000000000006e+01
1.670710000000000001e-04 1.338460000000000072e+01
1.827420000000000064e-04 1.618309999999999960e+01
1.998839999999999992e-04 1.893809999999999860e+01
2.186339999999999941e-04 2.159359999999999857e+01
2.391430000000000107e-04 2.411349999999999838e+01
2.615750000000000020e-04 2.647850000000000037e+01
2.861110000000000259e-04 2.868090000000000117e+01
3.129499999999999903e-04 3.072109999999999985e+01
3.423049999999999964e-04 3.260399999999999920e+01
3.744150000000000126e-04 3.433700000000000330e+01
4.095360000000000038e-04 3.592840000000000344e+01
4.479519999999999964e-04 3.738730000000000331e+01
4.899709999999999612e-04 3.872229999999999706e+01
5.359320000000000316e-04 3.994180000000000064e+01
5.862040000000000002e-04 4.105299999999999727e+01
6.411919999999999556e-04 4.206459999999999866e+01
7.013370000000000107e-04 4.298389999999999844e+01
7.671250000000000117e-04 4.381669999999999732e+01
8.390840000000000321e-04 4.456929999999999836e+01
9.177929999999999726e-04 4.524819999999999709e+01
1.003879999999999963e-03 4.585889999999999844e+01
1.098049999999999938e-03 4.640709999999999980e+01
1.201049999999999948e-03 4.689809999999999945e+01
1.313719999999999992e-03 4.733689999999999998e+01
1.436949999999999989e-03 4.772849999999999682e+01
1.571740000000000073e-03 4.807730000000000103e+01
1.719169999999999900e-03 4.838759999999999906e+01
1.880429999999999992e-03 4.866239999999999810e+01
2.056820000000000002e-03 4.890449999999999875e+01
2.249759999999999954e-03 4.911659999999999826e+01
2.460799999999999967e-03 4.930149999999999721e+01
2.691629999999999977e-03 4.946209999999999951e+01
2.944110000000000216e-03 4.960139999999999816e+01
3.220269999999999903e-03 4.972220000000000084e+01
3.522350000000000047e-03 4.982679999999999865e+01
3.852749999999999838e-03 4.991720000000000113e+01
4.214149999999999840e-03 4.999510000000000076e+01
4.609460000000000120e-03 5.006179999999999808e+01
5.041839999999999690e-03 5.011820000000000164e+01
5.514780000000000376e-03 5.016499999999999915e+01
6.032080000000000428e-03 5.020280000000000342e+01
6.597910000000000233e-03 5.023199999999999932e+01
7.216809999999999718e-03 5.025280000000000058e+01
7.893769999999999606e-03 5.026550000000000296e+01
8.634229999999999683e-03 5.027020000000000266e+01
9.444150000000000114e-03 5.026680000000000348e+01
1.033000000000000064e-02 5.025540000000000163e+01
1.129900000000000002e-02 5.023590000000000089e+01
1.235890000000000079e-02 5.020810000000000173e+01
1.351819999999999931e-02 5.017199999999999704e+01
1.478630000000000048e-02 5.012720000000000198e+01
1.617330000000000156e-02 5.007339999999999947e+01
1.769039999999999849e-02 5.001039999999999708e+01
1.934980000000000033e-02 4.993760000000000332e+01
2.116490000000000038e-02 4.985470000000000113e+01
2.315019999999999925e-02 4.976100000000000279e+01
2.532179999999999848e-02 4.965599999999999881e+01
2.769699999999999940e-02 4.953909999999999769e+01
3.029509999999999842e-02 4.940939999999999799e+01
3.313689999999999691e-02 4.926619999999999777e+01
3.624519999999999825e-02 4.910849999999999937e+01
3.964510000000000256e-02 4.893549999999999756e+01
4.336399999999999977e-02 4.874600000000000222e+01
4.743159999999999737e-02 4.853909999999999769e+01
5.188090000000000063e-02 4.831340000000000146e+01
5.674749999999999933e-02 4.806770000000000209e+01
6.207059999999999661e-02 4.780069999999999908e+01
6.789299999999999502e-02 4.751089999999999947e+01
7.426149999999999418e-02 4.719680000000000319e+01
8.122749999999999415e-02 4.685699999999999932e+01
8.884690000000000643e-02 4.648960000000000292e+01
9.718100000000000349e-02 4.609320000000000306e+01
1.062970000000000026e-01 4.566579999999999728e+01
1.162679999999999964e-01 4.520580000000000354e+01
1.271740000000000093e-01 4.471150000000000091e+01
1.391040000000000054e-01 4.418099999999999739e+01
1.521520000000000095e-01 4.361260000000000048e+01
1.664239999999999886e-01 4.300469999999999970e+01
1.820350000000000024e-01 4.235580000000000211e+01
1.991110000000000102e-01 4.166429999999999723e+01
2.177880000000000094e-01 4.092909999999999826e+01
2.382170000000000121e-01 4.014920000000000044e+01
2.605629999999999891e-01 3.932399999999999807e+01
2.850039999999999796e-01 3.845309999999999917e+01
3.117389999999999883e-01 3.753679999999999950e+01
3.409809999999999786e-01 3.657580000000000098e+01
3.729660000000000197e-01 3.557169999999999987e+01
4.079510000000000081e-01 3.452660000000000196e+01
4.462180000000000035e-01 3.344369999999999976e+01
4.880749999999999811e-01 3.232739999999999725e+01
5.338580000000000547e-01 3.118319999999999936e+01
5.839360000000000106e-01 3.001820000000000022e+01
6.387110000000000287e-01 2.884120000000000061e+01
6.986240000000000228e-01 2.766290000000000049e+01
7.641569999999999752e-01 2.649650000000000105e+01
8.358370000000000521e-01 2.535750000000000171e+01
9.142409999999999703e-01 2.426470000000000127e+01
1.000000000000000000e+00 2.321898963848077813e+01
