1.787350000000000053e-12 3.992470000000000000e+08
2.342549999999999949e-12 9.594410000000000000e+08
3.070199999999999984e-12 1.548770000000000000e+09
4.023869999999999898e-12 2.056520000000000000e+09
5.273780000000000173e-12 2.460880000000000000e+09
6.911939999999999728e-12 2.773810000000000000e+09
9.058959999999999600e-12 3.011900000000000000e+09
1.187290000000000043e-11 3.190010000000000000e+09
1.556089999999999845e-11 3.320500000000000000e+09
2.039440000000000042e-11 3.414220000000000000e+09
2.672940000000000039e-11 3.480490000000000000e+09
3.503219999999999768e-11 3.525970000000000000e+09
4.591400000000000166e-11 3.556190000000000000e+09
6.017599999999999724e-11 3.576270000000000000e+09
7.886809999999999672e-11 3.589420000000000000e+09
1.033660000000000053e-10 3.597230000000000000e+09
1.354740000000000070e-10 3.600390000000000000e+09
1.775559999999999967e-10 3.599180000000000000e+09
2.327090000000000078e-10 3.593600000000000000e+09
3.049939999999999810e-10 3.583410000000000000e+09
3.997319999999999903e-10 3.568110000000000000e+09
5.238980000000000038e-10 3.546960000000000000e+09
6.866329999999999594e-10 3.518940000000000000e+09
8.999170000000000058e-10 3.482800000000000000e+09
1.179450000000000099e-09 3.436980000000000000e+09
1.545819999999999941e-09 3.379750000000000000e+09
2.025980000000000070e-09 3.309230000000000000e+09
2.655300000000000126e-09 3.223560000000000000e+09
3.480100000000000008e-09 3.121080000000000000e+09
4.561099999999999893e-09 3.000620000000000000e+09
5.977879999999999627e-09 2.861800000000000000e+09
7.834759999999999940e-09 2.705290000000000000e+09
1.026839999999999982e-08 2.532970000000000000e+09
1.345800000000000047e-08 2.347990000000000000e+09
1.763840000000000063e-08 2.154480000000000000e+09
2.311730000000000081e-08 1.957230000000000000e+09
3.029810000000000314e-08 1.761140000000000000e+09
3.970939999999999690e-08 1.570770000000000000e+09
5.204399999999999936e-08 1.389890000000000000e+09
6.821010000000000540e-08 1.221320000000000000e+09
8.939770000000000118e-08 1.066820000000000000e+09
1.171670000000000062e-07 9.272300000000000000e+08
1.535610000000000077e-07 8.025690000000000000e+08
2.012609999999999915e-07 6.922970000000000000e+08
2.637779999999999947e-07 5.954910000000000000e+08
3.457130000000000200e-07 5.110100000000000000e+08
4.531000000000000008e-07 4.376260000000000000e+08
5.938429999999999529e-07 3.741130000000000000e+08
7.783049999999999538e-07 3.192980000000000000e+08
1.020059999999999937e-06 2.721010000000000000e+08
1.336919999999999983e-06 2.315420000000000000e+08
1.752199999999999927e-06 1.967480000000000000e+08
2.296469999999999970e-06 1.669460000000000000e+08
3.009809999999999818e-06 1.414610000000000000e+08
3.944730000000000092e-06 1.196990000000000000e+08
5.170049999999999738e-06 1.011440000000000000e+08
6.775990000000000154e-06 8.534880000000000000e+07
8.880769999999999338e-06 7.192270000000000000e+07
1.163930000000000052e-05 6.052780000000000000e+07
1.525480000000000004e-05 5.087170000000000000e+07
1.999330000000000050e-05 4.270130000000000000e+07
2.620370000000000121e-05 3.579830000000000000e+07
3.434309999999999989e-05 2.997460000000000000e+07
4.501089999999999963e-05 2.506850000000000000e+07
5.899240000000000121e-05 2.094120000000000000e+07
7.731680000000000486e-05 1.747370000000000000e+07
1.013330000000000003e-04 1.456430000000000000e+07
1.328099999999999973e-04 1.212630000000000000e+07
1.740629999999999901e-04 1.008590000000000000e+07
2.281320000000000038e-04 8.380280000000000000e+06
2.989949999999999791e-04 6.956120000000000000e+06
3.918689999999999847e-04 5.768320000000000000e+06
5.135930000000000139e-04 4.778730000000000000e+06
6.731270000000000352e-04 3.955140000000000000e+06
8.822160000000000115e-04 3.270410000000000000e+06
1.156249999999999943e-03 2.701690000000000000e+06
1.515410000000000021e-03 2.229770000000000000e+06
1.986130000000000013e-03 1.838550000000000000e+06
2.603069999999999863e-03 1.514510000000000000e+06
3.411650000000000012e-03 1.246350000000000000e+06
4.471390000000000434e-03 1.024610000000000000e+06
5.860299999999999711e-03 8.414000000000000000e+05
7.680649999999999804e-03 6.901400000000000000e+05
1.006639999999999965e-02 5.653420000000000000e+05
1.319329999999999982e-02 4.624410000000000000e+05
1.729150000000000131e-02 3.776450000000000000e+05
2.266260000000000149e-02 3.078000000000000000e+05
2.970209999999999864e-02 2.502950000000000000e+05
3.892829999999999901e-02 2.029650000000000000e+05
5.102029999999999760e-02 1.640170000000000000e+05
6.686839999999999451e-02 1.319740000000000000e+05
8.763930000000000331e-02 1.056140000000000000e+05
1.148620000000000058e-01 8.393430000000000291e+04
1.505410000000000081e-01 6.611460000000000582e+04
1.973030000000000062e-01 5.148609999999999854e+04
2.585890000000000133e-01 3.951059999999999854e+04
3.389130000000000198e-01 2.976250000000000000e+04
4.441869999999999985e-01 2.191570000000000073e+04
5.821619999999999573e-01 1.573589999999999964e+04
7.629960000000000075e-01 1.107779999999999927e+04
1.000000000000000000e+00 7.798594165170297856e+03
