1.117099999999999991e-07 6.387949999999999818e+03
1.311020000000000049e-07 1.147489999999999964e+04
1.538610000000000038e-07 1.712350000000000000e+04
1.805710000000000093e-07 2.274129999999999927e+04
2.119180000000000054e-07 2.795459999999999854e+04
2.487060000000000037e-07 3.260420000000000073e+04
2.918810000000000181e-07 3.666450000000000000e+04
3.425500000000000068e-07 4.017059999999999854e+04
4.020159999999999915e-07 4.317740000000000146e+04
4.718050000000000085e-07 4.574169999999999709e+04
5.537090000000000251e-07 4.791519999999999709e+04
6.498320000000000448e-07 4.974850000000000000e+04
7.626409999999999798e-07 5.128200000000000000e+04
8.950329999999999652e-07 5.255590000000000146e+04
1.050409999999999994e-06 5.360650000000000000e+04
1.232760000000000035e-06 5.446759999999999854e+04
1.446760000000000019e-06 5.516990000000000146e+04
1.697909999999999935e-06 5.573919999999999709e+04
1.992670000000000015e-06 5.619390000000000146e+04
2.338590000000000085e-06 5.655190000000000146e+04
2.744560000000000113e-06 5.683219999999999709e+04
3.221010000000000015e-06 5.705200000000000000e+04
3.780169999999999842e-06 5.722469999999999709e+04
4.436389999999999718e-06 5.735919999999999709e+04
5.206540000000000298e-06 5.746159999999999854e+04
6.110380000000000271e-06 5.753530000000000291e+04
7.171120000000000384e-06 5.758250000000000000e+04
8.416009999999999404e-06 5.760459999999999854e+04
9.877009999999999477e-06 5.760230000000000291e+04
1.159159999999999927e-05 5.757580000000000291e+04
1.360390000000000031e-05 5.752469999999999709e+04
1.596550000000000155e-05 5.744819999999999709e+04
1.873710000000000056e-05 5.734519999999999709e+04
2.198980000000000078e-05 5.721380000000000291e+04
2.580709999999999894e-05 5.705180000000000291e+04
3.028720000000000031e-05 5.685640000000000146e+04
3.554499999999999934e-05 5.662440000000000146e+04
4.171549999999999727e-05 5.635190000000000146e+04
4.895719999999999944e-05 5.603469999999999709e+04
5.745600000000000013e-05 5.566780000000000291e+04
6.743019999999999689e-05 5.524600000000000000e+04
7.913590000000000240e-05 5.476350000000000000e+04
9.287369999999999816e-05 5.421419999999999709e+04
1.089959999999999979e-04 5.359190000000000146e+04
1.279180000000000041e-04 5.289019999999999709e+04
1.501239999999999877e-04 5.210300000000000000e+04
1.761850000000000081e-04 5.122450000000000000e+04
2.067700000000000007e-04 5.024969999999999709e+04
2.426650000000000085e-04 4.917459999999999854e+04
2.847910000000000046e-04 4.799680000000000291e+04
3.342299999999999763e-04 4.671550000000000000e+04
3.922509999999999821e-04 4.533209999999999854e+04
4.603450000000000250e-04 4.385019999999999709e+04
5.402599999999999807e-04 4.227609999999999854e+04
6.340469999999999960e-04 4.061840000000000146e+04
7.441159999999999615e-04 3.888819999999999709e+04
8.732930000000000293e-04 3.709859999999999854e+04
1.024890000000000089e-03 3.526440000000000146e+04
1.202809999999999904e-03 3.340140000000000146e+04
1.411619999999999932e-03 3.152620000000000073e+04
1.656670000000000061e-03 2.965500000000000000e+04
1.944259999999999955e-03 2.780370000000000073e+04
2.281780000000000180e-03 2.598659999999999854e+04
2.677899999999999985e-03 2.421690000000000146e+04
3.142770000000000025e-03 2.250550000000000000e+04
3.688349999999999962e-03 2.086150000000000000e+04
4.328629999999999978e-03 1.929179999999999927e+04
5.080069999999999898e-03 1.780150000000000000e+04
5.961959999999999656e-03 1.639359999999999854e+04
6.996940000000000104e-03 1.506960000000000036e+04
8.211589999999999515e-03 1.382929999999999927e+04
9.637099999999999139e-03 1.267160000000000036e+04
1.131010000000000001e-02 1.159420000000000073e+04
1.327350000000000058e-02 1.059420000000000073e+04
1.557769999999999988e-02 9.668010000000000218e+03
1.828199999999999964e-02 8.811879999999999200e+03
2.145570000000000116e-02 8.021720000000000255e+03
2.518029999999999921e-02 7.293390000000000327e+03
2.955150000000000138e-02 6.622750000000000000e+03
3.468159999999999993e-02 6.005739999999999782e+03
4.070220000000000088e-02 5.438439999999999600e+03
4.776799999999999796e-02 4.917100000000000364e+03
5.606040000000000328e-02 4.438170000000000073e+03
6.579240000000000088e-02 3.998300000000000182e+03
7.721369999999999623e-02 3.594389999999999873e+03
9.061779999999999835e-02 3.223539999999999964e+03
1.063489999999999991e-01 2.883079999999999927e+03
1.248110000000000053e-01 2.570579999999999927e+03
1.464769999999999961e-01 2.283809999999999945e+03
1.719060000000000032e-01 2.020779999999999973e+03
2.017480000000000107e-01 1.779700000000000045e+03
2.367710000000000092e-01 1.559000000000000000e+03
2.778740000000000099e-01 1.357349999999999909e+03
3.261120000000000130e-01 1.173650000000000091e+03
3.827240000000000086e-01 1.007039999999999964e+03
4.491640000000000077e-01 8.569170000000000300e+02
5.271369999999999667e-01 7.230000000000000000e+02
6.186469999999999470e-01 6.053220000000000027e+02
7.260419999999999652e-01 5.043000000000000114e+02
8.520809999999999773e-01 4.207909999999999968e+02
1.000000000000000000e+00 3.511105970852707969e+02
