1.117099999999999994e-04 6.386529999999999596e+00
1.223519999999999968e-04 9.167889999999999873e+00
1.340070000000000063e-04 1.222690000000000055e+01
1.467739999999999876e-04 1.543520000000000003e+01
1.607559999999999903e-04 1.867879999999999896e+01
1.760700000000000134e-04 2.186639999999999873e+01
1.928440000000000124e-04 2.493270000000000053e+01
2.112150000000000030e-04 2.783660000000000068e+01
2.313360000000000091e-04 3.055659999999999954e+01
2.533740000000000037e-04 3.308489999999999753e+01
2.775119999999999952e-04 3.542289999999999850e+01
3.039490000000000269e-04 3.757670000000000243e+01
3.329049999999999848e-04 3.955550000000000210e+01
3.646190000000000000e-04 4.136950000000000216e+01
3.993539999999999850e-04 4.302909999999999968e+01
4.373979999999999752e-04 4.454460000000000264e+01
4.790670000000000128e-04 4.592629999999999768e+01
5.247049999999999848e-04 4.718130000000000024e+01
5.746910000000000039e-04 4.832200000000000273e+01
6.294389999999999751e-04 4.935580000000000211e+01
6.894019999999999836e-04 5.028869999999999862e+01
7.550779999999999558e-04 5.112919999999999732e+01
8.270099999999999847e-04 5.188450000000000273e+01
9.057950000000000376e-04 5.256119999999999948e+01
9.920849999999999721e-04 5.316599999999999682e+01
1.086600000000000066e-03 5.370470000000000255e+01
1.190110000000000083e-03 5.418370000000000175e+01
1.303490000000000031e-03 5.460840000000000316e+01
1.427660000000000083e-03 5.498409999999999798e+01
1.563670000000000077e-03 5.531499999999999773e+01
1.712629999999999925e-03 5.560459999999999781e+01
1.875780000000000069e-03 5.585600000000000165e+01
2.054480000000000021e-03 5.607240000000000180e+01
2.250199999999999943e-03 5.625719999999999743e+01
2.464560000000000188e-03 5.641400000000000148e+01
2.699350000000000100e-03 5.654599999999999937e+01
2.956499999999999927e-03 5.665619999999999834e+01
3.238149999999999969e-03 5.674689999999999657e+01
3.546629999999999835e-03 5.682019999999999982e+01
3.884499999999999932e-03 5.687760000000000105e+01
4.254560000000000113e-03 5.692020000000000124e+01
4.659869999999999984e-03 5.694879999999999853e+01
5.103790000000000410e-03 5.696379999999999910e+01
5.590000000000000351e-03 5.696569999999999823e+01
6.122530000000000160e-03 5.695439999999999969e+01
6.705789999999999668e-03 5.692999999999999972e+01
7.344609999999999680e-03 5.689240000000000208e+01
8.044300000000000755e-03 5.684120000000000061e+01
8.810639999999999791e-03 5.677629999999999910e+01
9.649980000000000710e-03 5.669709999999999894e+01
1.056930000000000022e-02 5.660309999999999775e+01
1.157620000000000003e-02 5.649369999999999692e+01
1.267899999999999930e-02 5.636809999999999832e+01
1.388679999999999949e-02 5.622560000000000002e+01
1.520969999999999961e-02 5.606510000000000105e+01
1.665869999999999851e-02 5.588569999999999993e+01
1.824570000000000011e-02 5.568610000000000326e+01
1.998379999999999948e-02 5.546520000000000294e+01
2.188760000000000011e-02 5.522140000000000271e+01
2.397269999999999956e-02 5.495329999999999870e+01
2.625649999999999859e-02 5.465919999999999845e+01
2.875780000000000003e-02 5.433740000000000236e+01
3.149740000000000179e-02 5.398590000000000089e+01
3.449800000000000089e-02 5.360269999999999868e+01
3.778440000000000271e-02 5.318569999999999709e+01
4.138390000000000124e-02 5.273259999999999792e+01
4.532640000000000280e-02 5.224090000000000344e+01
4.964439999999999825e-02 5.170810000000000173e+01
5.437369999999999703e-02 5.113170000000000215e+01
5.955359999999999820e-02 5.050880000000000081e+01
6.522699999999999332e-02 4.983689999999999998e+01
7.144079999999999875e-02 4.911290000000000333e+01
7.824659999999999949e-02 4.833409999999999940e+01
8.570070000000000465e-02 4.749770000000000181e+01
9.386500000000000399e-02 4.660099999999999909e+01
1.028069999999999956e-01 4.564130000000000109e+01
1.126010000000000066e-01 4.461619999999999919e+01
1.233279999999999932e-01 4.352360000000000184e+01
1.350770000000000026e-01 4.236149999999999949e+01
1.479449999999999932e-01 4.112859999999999872e+01
1.620379999999999876e-01 3.982410000000000139e+01
1.774749999999999939e-01 3.844769999999999754e+01
1.943819999999999992e-01 3.700000000000000000e+01
2.129000000000000059e-01 3.548259999999999792e+01
2.331820000000000004e-01 3.389809999999999945e+01
2.553960000000000119e-01 3.225059999999999860e+01
2.797259999999999747e-01 3.054540000000000077e+01
3.063739999999999797e-01 2.878969999999999985e+01
3.355609999999999982e-01 2.699259999999999948e+01
3.675280000000000213e-01 2.516509999999999891e+01
4.025400000000000089e-01 2.332100000000000151e+01
4.408880000000000021e-01 2.147640000000000171e+01
4.828890000000000127e-01 1.965040000000000120e+01
5.288910000000000000e-01 1.786530000000000129e+01
5.792760000000000131e-01 1.614699999999999847e+01
6.344600000000000239e-01 1.452519999999999989e+01
6.949020000000000197e-01 1.303350000000000009e+01
7.611019999999999452e-01 1.171020000000000039e+01
8.336080000000000156e-01 1.059859999999999935e+01
9.130209999999999715e-01 9.746980000000000643e+00
1.000000000000000000e+00 8.963783004872214022e+00
