4.468390000000000117e-09 1.596990000000000000e+05
5.415629999999999837e-09 3.146810000000000000e+05
6.563689999999999696e-09 4.853120000000000000e+05
7.955109999999999426e-09 6.486680000000000000e+05
9.641500000000000672e-09 7.934550000000000000e+05
1.168540000000000020e-08 9.170540000000000000e+05
1.416260000000000070e-08 1.020720000000000000e+06
1.716489999999999973e-08 1.106820000000000000e+06
2.080360000000000041e-08 1.177710000000000000e+06
2.521370000000000031e-08 1.235650000000000000e+06
3.055879999999999833e-08 1.282490000000000000e+06
3.703689999999999729e-08 1.319960000000000000e+06
4.488830000000000101e-08 1.349640000000000000e+06
5.440400000000000197e-08 1.372950000000000000e+06
6.593709999999999557e-08 1.391130000000000000e+06
7.991499999999999793e-08 1.405040000000000000e+06
9.685600000000000385e-08 1.415480000000000000e+06
1.173880000000000053e-07 1.423270000000000000e+06
1.422729999999999929e-07 1.429110000000000000e+06
1.724339999999999941e-07 1.433460000000000000e+06
2.089879999999999918e-07 1.436620000000000000e+06
2.532909999999999882e-07 1.438740000000000000e+06
3.069849999999999924e-07 1.439920000000000000e+06
3.720629999999999879e-07 1.440200000000000000e+06
4.509359999999999822e-07 1.439600000000000000e+06
5.465290000000000362e-07 1.438120000000000000e+06
6.623869999999999610e-07 1.435730000000000000e+06
8.028049999999999945e-07 1.432370000000000000e+06
9.729899999999999796e-07 1.427950000000000000e+06
1.179249999999999975e-06 1.422370000000000000e+06
1.429240000000000058e-06 1.415490000000000000e+06
1.732220000000000036e-06 1.407150000000000000e+06
2.099440000000000011e-06 1.397160000000000000e+06
2.544490000000000095e-06 1.385300000000000000e+06
3.083889999999999962e-06 1.371330000000000000e+06
3.737639999999999844e-06 1.354990000000000000e+06
4.529980000000000122e-06 1.336020000000000000e+06
5.490289999999999911e-06 1.314130000000000000e+06
6.654160000000000340e-06 1.289080000000000000e+06
8.064770000000000714e-06 1.260620000000000000e+06
9.774409999999999815e-06 1.228580000000000000e+06
1.184650000000000084e-05 1.192840000000000000e+06
1.435779999999999999e-05 1.153380000000000000e+06
1.740149999999999933e-05 1.110300000000000000e+06
2.109040000000000055e-05 1.063820000000000000e+06
2.556129999999999869e-05 1.014290000000000000e+06
3.097999999999999815e-05 9.621710000000000000e+05
3.754739999999999901e-05 9.080520000000000000e+05
4.550700000000000323e-05 8.525900000000000000e+05
5.515400000000000082e-05 7.964850000000000000e+05
6.684600000000000340e-05 7.404500000000000000e+05
8.101659999999999949e-05 6.851640000000000000e+05
9.819119999999999595e-05 6.312470000000000000e+05
1.190069999999999941e-04 5.792290000000000000e+05
1.442349999999999904e-04 5.295420000000000000e+05
1.748110000000000039e-04 4.825110000000000000e+05
2.118680000000000118e-04 4.383550000000000000e+05
2.567819999999999955e-04 3.971990000000000000e+05
3.112170000000000257e-04 3.590790000000000000e+05
3.771909999999999738e-04 3.239650000000000000e+05
4.571520000000000032e-04 2.917720000000000000e+05
5.540630000000000381e-04 2.623750000000000000e+05
6.715169999999999473e-04 2.356200000000000000e+05
8.138709999999999738e-04 2.113400000000000000e+05
9.864030000000000627e-04 1.893570000000000000e+05
1.195510000000000106e-03 1.694920000000000000e+05
1.448939999999999907e-03 1.515720000000000000e+05
1.756100000000000022e-03 1.354280000000000000e+05
2.128380000000000029e-03 1.209020000000000000e+05
2.579570000000000213e-03 1.078440000000000000e+05
3.126410000000000040e-03 9.611739999999999418e+04
3.789170000000000125e-03 8.559430000000000291e+04
4.592429999999999776e-03 7.615850000000000000e+04
5.565969999999999945e-03 6.770380000000000291e+04
6.745890000000000046e-03 6.013330000000000291e+04
8.175939999999999597e-03 5.335880000000000291e+04
9.909150000000000250e-03 4.730069999999999709e+04
1.200979999999999930e-02 4.188630000000000291e+04
1.455569999999999954e-02 3.705019999999999709e+04
1.764129999999999865e-02 3.273290000000000146e+04
2.138110000000000011e-02 2.888090000000000146e+04
2.591370000000000132e-02 2.544559999999999854e+04
3.140699999999999742e-02 2.238329999999999927e+04
3.806500000000000161e-02 1.965450000000000000e+04
4.613430000000000308e-02 1.722390000000000146e+04
5.591430000000000011e-02 1.505929999999999927e+04
6.776740000000000541e-02 1.313210000000000036e+04
8.213339999999999530e-02 1.141670000000000073e+04
9.954469999999999985e-02 9.890139999999999418e+03
1.206470000000000042e-01 8.531959999999999127e+03
1.462229999999999919e-01 7.324109999999999673e+03
1.772199999999999886e-01 6.250710000000000036e+03
2.147890000000000077e-01 5.297920000000000073e+03
2.603219999999999978e-01 4.453899999999999636e+03
3.155069999999999819e-01 3.708710000000000036e+03
3.823909999999999809e-01 3.054340000000000146e+03
4.634530000000000038e-01 2.484739999999999782e+03
5.616999999999999771e-01 1.995930000000000064e+03
6.807739999999999903e-01 1.586170000000000073e+03
8.250899999999999901e-01 1.256259999999999991e+03
1.000000000000000000e+00 9.949676292919929210e+02
