2.978919999999999784e-07 2.395480000000000018e+03
3.461940000000000095e-07 4.177710000000000036e+03
4.023260000000000254e-07 6.158479999999999563e+03
4.675599999999999860e-07 8.148619999999999891e+03
5.433720000000000298e-07 1.002100000000000000e+04
6.314759999999999829e-07 1.171450000000000000e+04
7.338649999999999609e-07 1.321289999999999964e+04
8.528550000000000490e-07 1.452300000000000000e+04
9.911389999999999391e-07 1.566020000000000073e+04
1.151850000000000034e-06 1.664209999999999854e+04
1.338610000000000047e-06 1.748559999999999854e+04
1.555650000000000090e-06 1.820620000000000073e+04
1.807890000000000024e-06 1.881920000000000073e+04
2.101029999999999855e-06 1.933650000000000000e+04
2.441689999999999995e-06 1.977050000000000000e+04
2.837600000000000157e-06 2.013220000000000073e+04
3.297689999999999931e-06 2.043220000000000073e+04
3.832390000000000080e-06 2.067990000000000146e+04
4.453779999999999903e-06 2.088320000000000073e+04
5.175930000000000265e-06 2.104790000000000146e+04
6.015170000000000042e-06 2.117959999999999854e+04
6.990479999999999688e-06 2.128450000000000000e+04
8.123930000000000669e-06 2.136809999999999854e+04
9.441169999999999936e-06 2.143479999999999927e+04
1.097199999999999930e-05 2.148790000000000146e+04
1.275100000000000040e-05 2.152950000000000000e+04
1.481850000000000051e-05 2.156109999999999854e+04
1.722120000000000039e-05 2.158359999999999854e+04
2.001350000000000074e-05 2.159740000000000146e+04
2.325850000000000102e-05 2.160300000000000000e+04
2.702969999999999974e-05 2.160050000000000000e+04
3.141239999999999760e-05 2.159000000000000000e+04
3.650569999999999846e-05 2.157140000000000146e+04
4.242480000000000079e-05 2.154440000000000146e+04
4.930370000000000027e-05 2.150859999999999854e+04
5.729789999999999905e-05 2.146359999999999854e+04
6.658830000000000077e-05 2.140850000000000000e+04
7.738509999999999877e-05 2.134259999999999854e+04
8.993259999999999340e-05 2.126500000000000000e+04
1.045139999999999958e-04 2.117440000000000146e+04
1.214609999999999946e-04 2.106959999999999854e+04
1.411550000000000131e-04 2.094920000000000073e+04
1.640420000000000127e-04 2.081150000000000000e+04
1.906400000000000043e-04 2.065490000000000146e+04
2.215510000000000070e-04 2.047750000000000000e+04
2.574739999999999950e-04 2.027750000000000000e+04
2.992210000000000139e-04 2.005279999999999927e+04
3.477379999999999968e-04 1.980150000000000000e+04
4.041210000000000158e-04 1.952170000000000073e+04
4.696459999999999958e-04 1.921170000000000073e+04
5.457949999999999607e-04 1.886979999999999927e+04
6.342919999999999505e-04 1.849479999999999927e+04
7.371380000000000293e-04 1.808600000000000000e+04
8.566589999999999578e-04 1.764290000000000146e+04
9.955599999999999346e-04 1.716590000000000146e+04
1.156979999999999944e-03 1.665579999999999927e+04
1.344579999999999951e-03 1.611429999999999927e+04
1.562589999999999986e-03 1.554379999999999927e+04
1.815949999999999986e-03 1.494729999999999927e+04
2.110400000000000123e-03 1.432870000000000073e+04
2.452580000000000211e-03 1.369200000000000000e+04
2.850249999999999919e-03 1.304210000000000036e+04
3.312400000000000067e-03 1.238400000000000000e+04
3.849480000000000176e-03 1.172270000000000073e+04
4.473640000000000082e-03 1.106329999999999927e+04
5.199009999999999569e-03 1.041060000000000036e+04
6.041989999999999687e-03 9.769090000000000146e+03
7.021659999999999881e-03 9.142719999999999345e+03
8.160169999999999577e-03 8.534969999999999345e+03
9.483280000000000182e-03 7.948739999999999782e+03
1.102090000000000014e-02 7.386300000000000182e+03
1.280790000000000053e-02 6.849340000000000146e+03
1.488459999999999957e-02 6.339010000000000218e+03
1.729800000000000088e-02 5.855909999999999854e+03
2.010280000000000053e-02 5.400220000000000255e+03
2.336229999999999904e-02 4.971720000000000255e+03
2.715029999999999874e-02 4.569890000000000327e+03
3.155249999999999722e-02 4.193939999999999600e+03
3.666849999999999971e-02 3.842909999999999854e+03
4.261399999999999910e-02 3.515679999999999836e+03
4.952360000000000095e-02 3.211059999999999945e+03
5.755339999999999762e-02 2.927800000000000182e+03
6.688529999999999476e-02 2.664619999999999891e+03
7.773030000000000217e-02 2.420280000000000200e+03
9.033360000000000001e-02 2.193539999999999964e+03
1.049810000000000049e-01 1.983230000000000018e+03
1.220019999999999993e-01 1.788220000000000027e+03
1.417839999999999934e-01 1.607470000000000027e+03
1.647730000000000028e-01 1.440009999999999991e+03
1.914899999999999936e-01 1.284960000000000036e+03
2.225389999999999868e-01 1.141529999999999973e+03
2.586220000000000185e-01 1.009039999999999964e+03
3.005559999999999898e-01 8.869139999999999873e+02
3.492879999999999874e-01 7.746860000000000355e+02
4.059229999999999783e-01 6.720270000000000437e+02
4.717399999999999927e-01 5.787530000000000427e+02
5.482289999999999663e-01 4.948369999999999891e+02
6.371210000000000484e-01 4.204379999999999882e+02
7.404249999999999998e-01 3.559289999999999736e+02
8.604800000000000226e-01 3.019289999999999736e+02
1.000000000000000000e+00 2.561219596920554977e+02
