1.489459999999999916e-11 4.790970000000000000e+07
1.911170000000000145e-11 1.094720000000000000e+08
2.452270000000000092e-11 1.752260000000000000e+08
3.146580000000000109e-11 2.335680000000000000e+08
4.037459999999999802e-11 2.813540000000000000e+08
5.180579999999999883e-11 3.193130000000000000e+08
6.647340000000000229e-11 3.489980000000000000e+08
8.529380000000000639e-11 3.718850000000000000e+08
1.094429999999999988e-10 3.892460000000000000e+08
1.404289999999999914e-10 4.021860000000000000e+08
1.801880000000000089e-10 4.116810000000000000e+08
2.312050000000000045e-10 4.185520000000000000e+08
2.966649999999999780e-10 4.233770000000000000e+08
3.806589999999999983e-10 4.266860000000000000e+08
4.884329999999999614e-10 4.289590000000000000e+08
6.267219999999999995e-10 4.305060000000000000e+08
8.041639999999999746e-10 4.314890000000000000e+08
1.031849999999999906e-09 4.319840000000000000e+08
1.323990000000000098e-09 4.320280000000000000e+08
1.698849999999999981e-09 4.316290000000000000e+08
2.179840000000000198e-09 4.307760000000000000e+08
2.797010000000000043e-09 4.294340000000000000e+08
3.588910000000000173e-09 4.275490000000000000e+08
4.605030000000000175e-09 4.250420000000000000e+08
5.908839999999999626e-09 4.218130000000000000e+08
7.581800000000000433e-09 4.177370000000000000e+08
9.728409999999999496e-09 4.126700000000000000e+08
1.248280000000000078e-08 4.064460000000000000e+08
1.601700000000000042e-08 3.988910000000000000e+08
2.055189999999999890e-08 3.898270000000000000e+08
2.637059999999999991e-08 3.790920000000000000e+08
3.383690000000000172e-08 3.665570000000000000e+08
4.341699999999999762e-08 3.521560000000000000e+08
5.570959999999999878e-08 3.359000000000000000e+08
7.148250000000000498e-08 3.179020000000000000e+08
9.172109999999999669e-08 2.983870000000000000e+08
1.176900000000000037e-07 2.776780000000000000e+08
1.510110000000000014e-07 2.561840000000000000e+08
1.937659999999999895e-07 2.343580000000000000e+08
2.486269999999999935e-07 2.126620000000000000e+08
3.190200000000000072e-07 1.915250000000000000e+08
4.093430000000000147e-07 1.713100000000000000e+08
5.252389999999999826e-07 1.522980000000000000e+08
6.739489999999999953e-07 1.346810000000000000e+08
8.647619999999999716e-07 1.185630000000000000e+08
1.109599999999999930e-06 1.039750000000000000e+08
1.423759999999999985e-06 9.089030000000000000e+07
1.826859999999999988e-06 7.923880000000000000e+07
2.344100000000000139e-06 6.892510000000000000e+07
3.007769999999999834e-06 5.983830000000000000e+07
3.859359999999999587e-06 5.186230000000000000e+07
4.952039999999999601e-06 4.488230000000000000e+07
6.354099999999999862e-06 3.878830000000000000e+07
8.153119999999999622e-06 3.347830000000000000e+07
1.046149999999999970e-05 2.885940000000000000e+07
1.342339999999999925e-05 2.484740000000000000e+07
1.722399999999999975e-05 2.136750000000000000e+07
2.210049999999999957e-05 1.835300000000000000e+07
2.835780000000000147e-05 1.574500000000000000e+07
3.638670000000000180e-05 1.349170000000000000e+07
4.668869999999999905e-05 1.154730000000000000e+07
5.990750000000000198e-05 9.871630000000000000e+06
7.686899999999999874e-05 8.429400000000000000e+06
9.863269999999999503e-05 7.189720000000000000e+06
1.265580000000000036e-04 6.125510000000000000e+06
1.623899999999999953e-04 5.213110000000000000e+06
2.083680000000000081e-04 4.431850000000000000e+06
2.673619999999999925e-04 3.763710000000000000e+06
3.430600000000000121e-04 3.193000000000000000e+06
4.401890000000000100e-04 2.706090000000000000e+06
5.648180000000000258e-04 2.291160000000000000e+06
7.247339999999999902e-04 1.937960000000000000e+06
9.299259999999999731e-04 1.637640000000000000e+06
1.193210000000000104e-03 1.382530000000000000e+06
1.531040000000000005e-03 1.166070000000000000e+06
1.964519999999999982e-03 9.825650000000000000e+05
2.520730000000000106e-03 8.271520000000000000e+05
3.234420000000000003e-03 6.956480000000000000e+05
4.150179999999999841e-03 5.844710000000000000e+05
5.325200000000000419e-03 4.905560000000000000e+05
6.832910000000000199e-03 4.112860000000000000e+05
8.767499999999999252e-03 3.444250000000000000e+05
1.124980000000000077e-02 2.880700000000000000e+05
1.443490000000000051e-02 2.405990000000000000e+05
1.852190000000000086e-02 2.006340000000000000e+05
2.376589999999999953e-02 1.670050000000000000e+05
3.049469999999999958e-02 1.387180000000000000e+05
3.912859999999999949e-02 1.149330000000000000e+05
5.020689999999999875e-02 9.493830000000000291e+04
6.442190000000000416e-02 7.813260000000000582e+04
8.266139999999999599e-02 6.400940000000000146e+04
1.060650000000000065e-01 5.214269999999999709e+04
1.360949999999999938e-01 4.217569999999999709e+04
1.746270000000000044e-01 3.381109999999999854e+04
2.240689999999999904e-01 2.680320000000000073e+04
2.875090000000000146e-01 2.095190000000000146e+04
3.689109999999999889e-01 1.609779999999999927e+04
4.733589999999999742e-01 1.211939999999999964e+04
6.073800000000000310e-01 8.931299999999999272e+03
7.793459999999999832e-01 6.484729999999999563e+03
1.000000000000000000e+00 4.708355990825119989e+03
