1.276680000000000021e-08 5.589459999999999854e+04
1.531159999999999994e-08 1.069450000000000000e+05
1.836369999999999853e-08 1.633540000000000000e+05
2.202420000000000011e-08 2.180670000000000000e+05
2.641430000000000049e-08 2.672920000000000000e+05
3.167950000000000253e-08 3.099000000000000000e+05
3.799420000000000017e-08 3.460990000000000000e+05
4.556769999999999847e-08 3.765450000000000000e+05
5.465070000000000113e-08 4.019670000000000000e+05
6.554440000000000291e-08 4.230230000000000000e+05
7.860939999999999450e-08 4.403490000000000000e+05
9.427870000000000366e-08 4.544540000000000000e+05
1.130709999999999939e-07 4.658350000000000000e+05
1.356100000000000080e-07 4.749360000000000000e+05
1.626410000000000069e-07 4.821660000000000000e+05
1.950610000000000021e-07 4.878670000000000000e+05
2.339429999999999925e-07 4.922800000000000000e+05
2.805750000000000094e-07 4.956390000000000000e+05
3.365019999999999780e-07 4.981850000000000000e+05
4.035780000000000157e-07 5.001200000000000000e+05
4.840230000000000455e-07 5.015870000000000000e+05
5.805039999999999947e-07 5.026730000000000000e+05
6.962170000000000462e-07 5.034300000000000000e+05
8.349950000000000201e-07 5.038880000000000000e+05
1.001440000000000105e-06 5.040640000000000000e+05
1.201049999999999919e-06 5.039650000000000000e+05
1.440459999999999969e-06 5.035920000000000000e+05
1.727589999999999921e-06 5.029390000000000000e+05
2.071950000000000127e-06 5.019910000000000000e+05
2.484960000000000091e-06 5.007270000000000000e+05
2.980289999999999802e-06 4.991210000000000000e+05
3.574349999999999922e-06 4.971370000000000000e+05
4.286829999999999748e-06 4.947320000000000000e+05
5.141329999999999783e-06 4.918550000000000000e+05
6.166160000000000099e-06 4.884490000000000000e+05
7.395269999999999754e-06 4.844480000000000000e+05
8.869369999999999752e-06 4.797810000000000000e+05
1.063730000000000063e-05 4.743710000000000000e+05
1.275769999999999984e-05 4.681370000000000000e+05
1.530070000000000074e-05 4.609990000000000000e+05
1.835060000000000011e-05 4.528790000000000000e+05
2.200840000000000091e-05 4.437070000000000000e+05
2.639540000000000142e-05 4.334250000000000000e+05
3.165679999999999818e-05 4.219930000000000000e+05
3.796699999999999750e-05 4.093980000000000000e+05
4.553499999999999686e-05 3.956520000000000000e+05
5.461159999999999734e-05 3.808050000000000000e+05
6.549740000000000076e-05 3.649420000000000000e+05
7.855300000000000498e-05 3.481830000000000000e+05
9.421110000000000335e-05 3.306800000000000000e+05
1.129900000000000007e-04 3.126160000000000000e+05
1.355130000000000017e-04 2.941880000000000000e+05
1.625250000000000067e-04 2.756080000000000000e+05
1.949209999999999994e-04 2.570850000000000000e+05
2.337750000000000038e-04 2.388170000000000000e+05
2.803740000000000095e-04 2.209860000000000000e+05
3.362610000000000252e-04 2.037500000000000000e+05
4.032880000000000189e-04 1.872350000000000000e+05
4.836759999999999953e-04 1.715410000000000000e+05
5.800879999999999795e-04 1.567360000000000000e+05
6.957180000000000092e-04 1.428630000000000000e+05
8.343960000000000526e-04 1.299390000000000000e+05
1.000720000000000082e-03 1.179600000000000000e+05
1.200190000000000068e-03 1.069060000000000000e+05
1.439430000000000006e-03 9.674430000000000291e+04
1.726349999999999977e-03 8.743330000000000291e+04
2.070470000000000036e-03 7.892510000000000582e+04
2.483169999999999822e-03 7.116839999999999418e+04
2.978150000000000155e-03 6.411069999999999709e+04
3.571790000000000034e-03 5.769940000000000146e+04
4.283760000000000172e-03 5.188340000000000146e+04
5.137639999999999742e-03 4.661330000000000291e+04
6.161739999999999752e-03 4.184259999999999854e+04
7.389960000000000105e-03 3.752769999999999709e+04
8.863019999999999232e-03 3.362780000000000291e+04
1.062970000000000061e-02 3.010529999999999927e+04
1.274849999999999942e-02 2.692550000000000000e+04
1.528969999999999982e-02 2.405670000000000073e+04
1.833740000000000023e-02 2.146950000000000000e+04
2.199260000000000104e-02 1.913740000000000146e+04
2.637650000000000064e-02 1.703609999999999854e+04
3.163409999999999833e-02 1.514339999999999964e+04
3.793980000000000269e-02 1.343900000000000000e+04
4.550239999999999840e-02 1.190479999999999927e+04
5.457240000000000008e-02 1.052400000000000000e+04
6.545040000000000580e-02 9.281540000000000873e+03
7.849670000000000258e-02 8.163770000000000437e+03
9.414359999999999395e-02 7.158350000000000364e+03
1.129089999999999955e-01 6.254189999999999600e+03
1.354160000000000086e-01 5.441369999999999891e+03
1.624079999999999968e-01 4.711029999999999745e+03
1.947810000000000097e-01 4.055369999999999891e+03
2.336070000000000091e-01 3.467590000000000146e+03
2.801730000000000054e-01 2.941880000000000109e+03
3.360199999999999854e-01 2.473409999999999854e+03
4.029989999999999961e-01 2.058369999999999891e+03
4.833299999999999819e-01 1.694009999999999991e+03
5.796719999999999651e-01 1.378759999999999991e+03
6.952190000000000314e-01 1.112299999999999955e+03
8.337980000000000391e-01 8.957870000000000346e+02
1.000000000000000000e+00 7.214191256326453185e+02
