1.276679999999999968e-12 5.589460000000000000e+08
1.678889999999999928e-12 1.353710000000000000e+09
2.207810000000000061e-12 2.187630000000000000e+09
2.903359999999999859e-12 2.902750000000000000e+09
3.818029999999999636e-12 3.469820000000000000e+09
5.020869999999999789e-12 3.906890000000000000e+09
6.602639999999999824e-12 4.237950000000000000e+09
8.682739999999999412e-12 4.484380000000000000e+09
1.141820000000000076e-11 4.663860000000000000e+09
1.501530000000000126e-11 4.792020000000000000e+09
1.974579999999999852e-11 4.882070000000000000e+09
2.596650000000000088e-11 4.943220000000000000e+09
3.414699999999999980e-11 4.983610000000000000e+09
4.490470000000000030e-11 5.010330000000000000e+09
5.905150000000000541e-11 5.027600000000000000e+09
7.765520000000000135e-11 5.037430000000000000e+09
1.021200000000000051e-10 5.040700000000000000e+09
1.342920000000000001e-10 5.037720000000000000e+09
1.765990000000000071e-10 5.028430000000000000e+09
2.322349999999999999e-10 5.012380000000000000e+09
3.053979999999999829e-10 4.988800000000000000e+09
4.016109999999999793e-10 4.956480000000000000e+09
5.281349999999999552e-10 4.913880000000000000e+09
6.945179999999999792e-10 4.859040000000000000e+09
9.133200000000000059e-10 4.789630000000000000e+09
1.201049999999999901e-09 4.703060000000000000e+09
1.579429999999999994e-09 4.596570000000000000e+09
2.077019999999999927e-09 4.467510000000000000e+09
2.731359999999999965e-09 4.313680000000000000e+09
3.591850000000000164e-09 4.133710000000000000e+09
4.723430000000000097e-09 3.927540000000000000e+09
6.211509999999999781e-09 3.696790000000000000e+09
8.168389999999999335e-09 3.444900000000000000e+09
1.074180000000000027e-08 3.177050000000000000e+09
1.412589999999999979e-08 2.899710000000000000e+09
1.857609999999999916e-08 2.620000000000000000e+09
2.442829999999999845e-08 2.344910000000000000e+09
3.212420000000000121e-08 2.080600000000000000e+09
4.224459999999999699e-08 1.831960000000000000e+09
5.555340000000000298e-08 1.602360000000000000e+09
7.305489999999999595e-08 1.393680000000000000e+09
9.607019999999999691e-08 1.206540000000000000e+09
1.263360000000000005e-07 1.040510000000000000e+09
1.661370000000000007e-07 8.944880000000000000e+08
2.184770000000000048e-07 7.669410000000000000e+08
2.873070000000000196e-07 6.561220000000000000e+08
3.778199999999999778e-07 5.602370000000000000e+08
4.968480000000000031e-07 4.775400000000000000e+08
6.533760000000000400e-07 4.064010000000000000e+08
8.592159999999999827e-07 3.453350000000000000e+08
1.129899999999999973e-06 2.930130000000000000e+08
1.485870000000000056e-06 2.482580000000000000e+08
1.953980000000000137e-06 2.100370000000000000e+08
2.569560000000000094e-06 1.774460000000000000e+08
3.379079999999999841e-06 1.496980000000000000e+08
4.443619999999999817e-06 1.261120000000000000e+08
5.843550000000000151e-06 1.060940000000000000e+08
7.684500000000000711e-06 8.913070000000000000e+07
1.010539999999999984e-05 7.477870000000000000e+07
1.328899999999999931e-05 6.265500000000000000e+07
1.747559999999999917e-05 5.242910000000000000e+07
2.298119999999999945e-05 4.381700000000000000e+07
3.022120000000000128e-05 3.657470000000000000e+07
3.974210000000000020e-05 3.049300000000000000e+07
5.226250000000000318e-05 2.539310000000000000e+07
6.872719999999999481e-05 2.112220000000000000e+07
9.037910000000000344e-05 1.755030000000000000e+07
1.188520000000000066e-04 1.456680000000000000e+07
1.562959999999999957e-04 1.207780000000000000e+07
2.055349999999999896e-04 1.000380000000000000e+07
2.702870000000000229e-04 8.277720000000000000e+06
3.554380000000000213e-04 6.842700000000000000e+06
4.674160000000000120e-04 5.650990000000000000e+06
6.146699999999999950e-04 4.662380000000000000e+06
8.083170000000000199e-04 3.843090000000000000e+06
1.062970000000000104e-03 3.164800000000000000e+06
1.397849999999999961e-03 2.603780000000000000e+06
1.838229999999999942e-03 2.140190000000000000e+06
2.417340000000000027e-03 1.757450000000000000e+06
3.178900000000000128e-03 1.441740000000000000e+06
4.180389999999999974e-03 1.181530000000000000e+06
5.497379999999999628e-03 9.672370000000000000e+05
7.229280000000000254e-03 7.908890000000000000e+05
9.506789999999999338e-03 6.458690000000000000e+05
1.250180000000000041e-02 5.266880000000000000e+05
1.644040000000000085e-02 4.287990000000000000e+05
2.161980000000000152e-02 3.484380000000000000e+05
2.843089999999999853e-02 2.824950000000000000e+05
3.738779999999999881e-02 2.284000000000000000e+05
4.916650000000000187e-02 1.840350000000000000e+05
6.465590000000000226e-02 1.476570000000000000e+05
8.502519999999999523e-02 1.178320000000000000e+05
1.118119999999999947e-01 9.338469999999999709e+04
1.470370000000000010e-01 7.335619999999999709e+04
1.933590000000000031e-01 5.696790000000000146e+04
2.542749999999999733e-01 4.359409999999999854e+04
3.343820000000000126e-01 3.274050000000000000e+04
4.397260000000000058e-01 2.402890000000000146e+04
5.782580000000000497e-01 1.718670000000000073e+04
7.604330000000000256e-01 1.204320000000000073e+04
1.000000000000000000e+00 8.439012691174821157e+03
