2.234189999999999970e-07 3.193980000000000018e+03
2.603929999999999945e-07 5.619189999999999600e+03
3.034860000000000217e-07 8.314079999999999927e+03
3.537100000000000088e-07 1.101379999999999927e+04
4.122459999999999977e-07 1.354350000000000000e+04
4.804679999999999584e-07 1.582220000000000073e+04
5.599810000000000431e-07 1.783070000000000073e+04
6.526529999999999878e-07 1.958029999999999927e+04
7.606609999999999581e-07 2.109370000000000073e+04
8.865430000000000261e-07 2.239570000000000073e+04
1.033260000000000082e-06 2.350970000000000073e+04
1.204249999999999947e-06 2.445840000000000146e+04
1.403540000000000033e-06 2.526109999999999854e+04
1.635819999999999993e-06 2.593559999999999854e+04
1.906530000000000066e-06 2.649850000000000000e+04
2.222039999999999905e-06 2.696540000000000146e+04
2.589770000000000194e-06 2.735070000000000073e+04
3.018350000000000078e-06 2.766729999999999927e+04
3.517859999999999976e-06 2.792520000000000073e+04
4.100039999999999966e-06 2.813240000000000146e+04
4.778560000000000035e-06 2.829690000000000146e+04
5.569360000000000155e-06 2.842720000000000073e+04
6.491039999999999604e-06 2.853070000000000073e+04
7.565250000000000116e-06 2.861290000000000146e+04
8.817220000000000599e-06 2.867770000000000073e+04
1.027640000000000041e-05 2.872770000000000073e+04
1.197700000000000069e-05 2.876440000000000146e+04
1.395909999999999989e-05 2.878890000000000146e+04
1.626920000000000002e-05 2.880179999999999927e+04
1.896160000000000155e-05 2.880340000000000146e+04
2.209960000000000098e-05 2.879390000000000146e+04
2.575690000000000068e-05 2.877329999999999927e+04
3.001939999999999925e-05 2.874120000000000073e+04
3.498730000000000297e-05 2.869720000000000073e+04
4.077740000000000027e-05 2.864059999999999854e+04
4.752569999999999798e-05 2.857050000000000000e+04
5.539079999999999828e-05 2.848590000000000146e+04
6.455739999999999959e-05 2.838540000000000146e+04
7.524110000000000032e-05 2.826740000000000146e+04
8.769269999999999474e-05 2.813029999999999927e+04
1.022050000000000015e-04 2.797209999999999854e+04
1.191189999999999957e-04 2.779050000000000000e+04
1.388320000000000016e-04 2.758329999999999927e+04
1.618079999999999931e-04 2.734779999999999927e+04
1.885850000000000113e-04 2.708140000000000146e+04
2.197939999999999898e-04 2.678129999999999927e+04
2.561679999999999773e-04 2.644479999999999927e+04
2.985619999999999919e-04 2.606909999999999854e+04
3.479709999999999791e-04 2.565179999999999927e+04
4.055570000000000203e-04 2.519050000000000000e+04
4.726730000000000059e-04 2.468370000000000073e+04
5.508950000000000305e-04 2.412990000000000146e+04
6.420630000000000087e-04 2.352879999999999927e+04
7.483190000000000024e-04 2.288059999999999854e+04
8.721589999999999551e-04 2.218679999999999927e+04
1.016490000000000102e-03 2.144970000000000073e+04
1.184710000000000060e-03 2.067259999999999854e+04
1.380769999999999914e-03 1.986000000000000000e+04
1.609280000000000042e-03 1.901720000000000073e+04
1.875600000000000054e-03 1.815029999999999927e+04
2.185990000000000068e-03 1.726609999999999854e+04
2.547750000000000101e-03 1.637150000000000000e+04
2.969380000000000196e-03 1.547389999999999964e+04
3.460790000000000047e-03 1.458020000000000073e+04
4.033509999999999700e-03 1.369720000000000073e+04
4.701020000000000199e-03 1.283120000000000073e+04
5.479000000000000363e-03 1.198750000000000000e+04
6.385720000000000111e-03 1.117079999999999927e+04
7.442500000000000331e-03 1.038500000000000000e+04
8.674160000000000204e-03 9.633139999999999418e+03
1.010969999999999924e-02 8.917270000000000437e+03
1.178270000000000012e-02 8.238760000000000218e+03
1.373259999999999932e-02 7.598260000000000218e+03
1.600530000000000008e-02 6.995810000000000400e+03
1.865400000000000044e-02 6.430920000000000073e+03
2.174099999999999991e-02 5.902689999999999600e+03
2.533900000000000041e-02 5.409899999999999636e+03
2.953230000000000091e-02 4.951069999999999709e+03
3.441969999999999752e-02 4.524569999999999709e+03
4.011580000000000007e-02 4.128659999999999854e+03
4.675460000000000033e-02 3.761550000000000182e+03
5.449199999999999877e-02 3.421440000000000055e+03
6.350989999999999414e-02 3.106550000000000182e+03
7.402019999999999433e-02 2.815159999999999854e+03
8.626989999999999659e-02 2.545619999999999891e+03
1.005469999999999975e-01 2.296360000000000127e+03
1.171859999999999985e-01 2.065900000000000091e+03
1.365800000000000070e-01 1.852900000000000091e+03
1.591819999999999902e-01 1.656089999999999918e+03
1.855249999999999955e-01 1.474359999999999900e+03
2.162280000000000035e-01 1.306670000000000073e+03
2.520120000000000138e-01 1.152160000000000082e+03
2.937170000000000059e-01 1.010070000000000050e+03
3.423249999999999904e-01 8.798049999999999500e+02
3.989759999999999973e-01 7.609160000000000537e+02
4.650029999999999997e-01 6.531319999999999482e+02
5.419570000000000221e-01 5.563719999999999573e+02
6.316460000000000408e-01 4.707769999999999868e+02
7.361769999999999703e-01 3.967379999999999995e+02
8.580079999999999929e-01 3.349429999999999836e+02
1.000000000000000000e+00 2.827733565138103131e+02
