2.978919999999999993e-12 2.395480000000000000e+08
3.884360000000000222e-12 5.688370000000000000e+08
5.064989999999999807e-12 9.165630000000000000e+08
6.604469999999999625e-12 1.218290000000000000e+09
8.611859999999999213e-12 1.460210000000000000e+09
1.122940000000000060e-11 1.648620000000000000e+09
1.464249999999999945e-11 1.792930000000000000e+09
1.909310000000000151e-11 1.901700000000000000e+09
2.489629999999999924e-11 1.982060000000000000e+09
3.246340000000000160e-11 2.040300000000000000e+09
4.233050000000000184e-11 2.081860000000000000e+09
5.519670000000000208e-11 2.110790000000000000e+09
7.197350000000000225e-11 2.130230000000000000e+09
9.384949999999999991e-11 2.143240000000000000e+09
1.223750000000000039e-10 2.151910000000000000e+09
1.595699999999999980e-10 2.157320000000000000e+09
2.080700000000000115e-10 2.159950000000000000e+09
2.713119999999999829e-10 2.160030000000000000e+09
3.537760000000000096e-10 2.157600000000000000e+09
4.613049999999999905e-10 2.152580000000000000e+09
6.015169999999999816e-10 2.144720000000000000e+09
7.843450000000000455e-10 2.133660000000000000e+09
1.022739999999999924e-09 2.118900000000000000e+09
1.333600000000000027e-09 2.099750000000000000e+09
1.738939999999999994e-09 2.075430000000000000e+09
2.267489999999999994e-09 2.044980000000000000e+09
2.956680000000000175e-09 2.007380000000000000e+09
3.855350000000000340e-09 1.961540000000000000e+09
5.027159999999999833e-09 1.906460000000000000e+09
6.555139999999999762e-09 1.841310000000000000e+09
8.547550000000000329e-09 1.765610000000000000e+09
1.114550000000000044e-08 1.679390000000000000e+09
1.453319999999999940e-08 1.583300000000000000e+09
1.895050000000000151e-08 1.478730000000000000e+09
2.471039999999999937e-08 1.367680000000000000e+09
3.222100000000000113e-08 1.252660000000000000e+09
4.201439999999999669e-08 1.136450000000000000e+09
5.478450000000000329e-08 1.021790000000000000e+09
7.143600000000000519e-08 9.111490000000000000e+08
9.314860000000000071e-08 8.065090000000000000e+08
1.214610000000000048e-07 7.093050000000000000e+08
1.583779999999999905e-07 6.203990000000000000e+08
2.065159999999999945e-07 5.401390000000000000e+08
2.692859999999999934e-07 4.684640000000000000e+08
3.511339999999999995e-07 4.050150000000000000e+08
4.578599999999999984e-07 3.492370000000000000e+08
5.970239999999999864e-07 3.004740000000000000e+08
7.784870000000000014e-07 2.580250000000000000e+08
1.015100000000000030e-06 2.211980000000000000e+08
1.323639999999999960e-06 1.893340000000000000e+08
1.725960000000000031e-06 1.618240000000000000e+08
2.250549999999999992e-06 1.381180000000000000e+08
2.934599999999999821e-06 1.177230000000000000e+08
3.826559999999999664e-06 1.002030000000000000e+08
4.989620000000000180e-06 8.517540000000000000e+07
6.506189999999999790e-06 7.230450000000000000e+07
8.483719999999999472e-06 6.129670000000000000e+07
1.106230000000000079e-05 5.189620000000000000e+07
1.442460000000000077e-05 4.388000000000000000e+07
1.880889999999999876e-05 3.705430000000000000e+07
2.452580000000000157e-05 3.125080000000000000e+07
3.198040000000000301e-05 2.632370000000000000e+07
4.170059999999999848e-05 2.214660000000000000e+07
5.437530000000000098e-05 1.861040000000000000e+07
7.090250000000000090e-05 1.562080000000000000e+07
9.245300000000000404e-05 1.309670000000000000e+07
1.205539999999999981e-04 1.096840000000000000e+07
1.571950000000000018e-04 9.176240000000000000e+06
2.049739999999999928e-04 7.668880000000000000e+06
2.672749999999999779e-04 6.402600000000000000e+06
3.485119999999999863e-04 5.340080000000000000e+06
4.544409999999999812e-04 4.449530000000000000e+06
5.925659999999999912e-04 3.703920000000000000e+06
7.726739999999999954e-04 3.080320000000000000e+06
1.007520000000000030e-03 2.559310000000000000e+06
1.313759999999999971e-03 2.124420000000000000e+06
1.713069999999999914e-03 1.761780000000000000e+06
2.233750000000000058e-03 1.459650000000000000e+06
2.912679999999999957e-03 1.208170000000000000e+06
3.797979999999999846e-03 9.990120000000000000e+05
4.952360000000000269e-03 8.252060000000000000e+05
6.457599999999999972e-03 6.808850000000000000e+05
8.420359999999999998e-03 5.611340000000000000e+05
1.097970000000000022e-02 4.618370000000000000e+05
1.431690000000000046e-02 3.795500000000000000e+05
1.866850000000000107e-02 3.113980000000000000e+05
2.434269999999999837e-02 2.549780000000000000e+05
3.174149999999999888e-02 2.082890000000000000e+05
4.138920000000000099e-02 1.696650000000000000e+05
5.396929999999999783e-02 1.377180000000000000e+05
7.037300000000000499e-02 1.113000000000000000e+05
9.176249999999999685e-02 8.945539999999999418e+04
1.196529999999999955e-01 7.139839999999999418e+04
1.560209999999999930e-01 5.648100000000000000e+04
2.034430000000000127e-01 4.417430000000000291e+04
2.652789999999999870e-01 3.405109999999999854e+04
3.459090000000000220e-01 2.577250000000000000e+04
4.510469999999999757e-01 1.907920000000000073e+04
5.881410000000000249e-01 1.378529999999999927e+04
7.669030000000000014e-01 9.777420000000000073e+03
1.000000000000000000e+00 6.934762097303309019e+03
