1.276680000000000074e-06 5.589450000000000500e+02
1.462250000000000061e-06 9.317290000000000418e+02
1.674789999999999977e-06 1.346079999999999927e+03
1.918230000000000098e-06 1.768259999999999991e+03
2.197049999999999996e-06 2.173429999999999836e+03
2.516389999999999890e-06 2.547619999999999891e+03
2.882159999999999863e-06 2.885329999999999927e+03
3.301090000000000187e-06 3.186070000000000164e+03
3.780909999999999940e-06 3.451800000000000182e+03
4.330469999999999892e-06 3.685360000000000127e+03
4.959920000000000278e-06 3.889789999999999964e+03
5.680849999999999997e-06 4.068010000000000218e+03
6.506579999999999967e-06 4.222619999999999891e+03
7.452330000000000187e-06 4.356340000000000146e+03
8.535539999999999257e-06 4.471220000000000255e+03
9.776210000000000374e-06 4.569460000000000036e+03
1.119720000000000013e-05 4.653010000000000218e+03
1.282469999999999937e-05 4.723720000000000255e+03
1.468889999999999924e-05 4.783340000000000146e+03
1.682389999999999998e-05 4.833439999999999600e+03
1.926929999999999862e-05 4.875289999999999964e+03
2.207020000000000089e-05 4.909850000000000364e+03
2.527810000000000113e-05 4.938090000000000146e+03
2.895230000000000061e-05 4.961069999999999709e+03
3.316060000000000231e-05 4.979770000000000437e+03
3.798060000000000021e-05 4.995020000000000437e+03
4.350120000000000289e-05 5.007439999999999600e+03
4.982420000000000316e-05 5.017489999999999782e+03
5.706629999999999944e-05 5.025470000000000255e+03
6.536099999999999983e-05 5.031579999999999927e+03
7.486140000000000123e-05 5.035970000000000255e+03
8.574270000000000155e-05 5.038720000000000255e+03
9.820560000000000042e-05 5.039890000000000327e+03
1.124799999999999937e-04 5.039510000000000218e+03
1.288290000000000095e-04 5.037590000000000146e+03
1.475550000000000060e-04 5.034109999999999673e+03
1.690019999999999923e-04 5.029039999999999964e+03
1.935670000000000121e-04 5.022319999999999709e+03
2.217029999999999880e-04 5.013859999999999673e+03
2.539279999999999988e-04 5.003569999999999709e+03
2.908370000000000074e-04 4.991310000000000400e+03
3.331109999999999757e-04 4.976939999999999600e+03
3.815290000000000261e-04 4.960279999999999745e+03
4.369859999999999934e-04 4.941130000000000109e+03
5.005030000000000156e-04 4.919260000000000218e+03
5.732520000000000063e-04 4.894430000000000291e+03
6.565759999999999695e-04 4.866380000000000109e+03
7.520100000000000048e-04 4.834789999999999964e+03
8.613170000000000071e-04 4.799369999999999891e+03
9.865119999999999358e-04 4.759789999999999964e+03
1.129900000000000088e-03 4.715699999999999818e+03
1.294140000000000047e-03 4.666750000000000000e+03
1.482239999999999903e-03 4.612600000000000364e+03
1.697689999999999963e-03 4.552920000000000073e+03
1.944460000000000069e-03 4.487380000000000109e+03
2.227090000000000146e-03 4.415710000000000036e+03
2.550800000000000203e-03 4.337649999999999636e+03
2.921570000000000070e-03 4.253039999999999964e+03
3.346220000000000010e-03 4.161770000000000437e+03
3.832599999999999809e-03 4.063809999999999945e+03
4.389679999999999971e-03 3.959250000000000000e+03
5.027730000000000220e-03 3.848260000000000218e+03
5.758530000000000419e-03 3.731159999999999854e+03
6.595540000000000430e-03 3.608349999999999909e+03
7.554220000000000379e-03 3.480369999999999891e+03
8.652250000000000218e-03 3.347849999999999909e+03
9.909869999999999443e-03 3.211500000000000000e+03
1.135030000000000067e-02 3.072139999999999873e+03
1.300010000000000054e-02 2.930610000000000127e+03
1.488970000000000050e-02 2.787800000000000182e+03
1.705390000000000031e-02 2.644599999999999909e+03
1.953279999999999947e-02 2.501880000000000109e+03
2.237190000000000012e-02 2.360469999999999800e+03
2.562369999999999925e-02 2.221159999999999854e+03
2.934820000000000137e-02 2.084639999999999873e+03
3.361399999999999805e-02 1.951539999999999964e+03
3.849989999999999662e-02 1.822380000000000109e+03
4.409600000000000325e-02 1.697589999999999918e+03
5.050539999999999891e-02 1.577509999999999991e+03
5.784650000000000208e-02 1.462400000000000091e+03
6.625469999999999970e-02 1.352400000000000091e+03
7.588499999999999412e-02 1.247619999999999891e+03
8.691500000000000614e-02 1.148079999999999927e+03
9.954839999999999522e-02 1.053730000000000018e+03
1.140179999999999944e-01 9.644990000000000236e+02
1.305910000000000126e-01 8.802759999999999536e+02
1.495720000000000105e-01 8.009210000000000491e+02
1.713129999999999931e-01 7.262799999999999727e+02
1.962139999999999995e-01 6.561939999999999600e+02
2.247339999999999893e-01 5.905040000000000191e+02
2.574000000000000177e-01 5.290650000000000546e+02
2.948140000000000205e-01 4.717470000000000141e+02
3.376649999999999929e-01 4.184499999999999886e+02
3.867459999999999787e-01 3.691019999999999754e+02
4.429600000000000204e-01 3.236770000000000209e+02
5.073459999999999637e-01 2.821990000000000123e+02
5.810899999999999954e-01 2.447510000000000048e+02
6.655529999999999502e-01 2.114890000000000043e+02
7.622929999999999984e-01 1.826529999999999916e+02
8.730940000000000367e-01 1.585840000000000032e+02
1.000000000000000000e+00 1.376867044010606094e+02
