2.234189999999999970e-07 3.193980000000000018e+03
2.603929999999999945e-07 5.619189999999999600e+03
3.034860000000000217e-07 8.314069999999999709e+03
3.537100000000000088e-07 1.101370000000000073e+04
4.122459999999999977e-07 1.354350000000000000e+04
4.804679999999999584e-07 1.582220000000000073e+04
5.599810000000000431e-07 1.783070000000000073e+04
6.526529999999999878e-07 1.958029999999999927e+04
7.606609999999999581e-07 2.109370000000000073e+04
8.865430000000000261e-07 2.239570000000000073e+04
1.033260000000000082e-06 2.350970000000000073e+04
1.204249999999999947e-06 2.445840000000000146e+04
1.403540000000000033e-06 2.526109999999999854e+04
1.635819999999999993e-06 2.593550000000000000e+04
1.906530000000000066e-06 2.649850000000000000e+04
2.222039999999999905e-06 2.696540000000000146e+04
2.589770000000000194e-06 2.735070000000000073e+04
3.018350000000000078e-06 2.766720000000000073e+04
3.517859999999999976e-06 2.792509999999999854e+04
4.100039999999999966e-06 2.813220000000000073e+04
4.778560000000000035e-06 2.829670000000000073e+04
5.569360000000000155e-06 2.842700000000000000e+04
6.491039999999999604e-06 2.853050000000000000e+04
7.565250000000000116e-06 2.861259999999999854e+04
8.817220000000000599e-06 2.867740000000000146e+04
1.027640000000000041e-05 2.872740000000000146e+04
1.197700000000000069e-05 2.876400000000000000e+04
1.395909999999999989e-05 2.878840000000000146e+04
1.626920000000000002e-05 2.880120000000000073e+04
1.896160000000000155e-05 2.880270000000000073e+04
2.209960000000000098e-05 2.879309999999999854e+04
2.575690000000000068e-05 2.877240000000000146e+04
3.001939999999999925e-05 2.874009999999999854e+04
3.498730000000000297e-05 2.869590000000000146e+04
4.077740000000000027e-05 2.863909999999999854e+04
4.752569999999999798e-05 2.856879999999999927e+04
5.539079999999999828e-05 2.848390000000000146e+04
6.455739999999999959e-05 2.838309999999999854e+04
7.524110000000000032e-05 2.826479999999999927e+04
8.769269999999999474e-05 2.812729999999999927e+04
1.022050000000000015e-04 2.796859999999999854e+04
1.191189999999999957e-04 2.778650000000000000e+04
1.388320000000000016e-04 2.757870000000000073e+04
1.618079999999999931e-04 2.734250000000000000e+04
1.885850000000000113e-04 2.707540000000000146e+04
2.197939999999999898e-04 2.677440000000000146e+04
2.561679999999999773e-04 2.643690000000000146e+04
2.985619999999999919e-04 2.606020000000000073e+04
3.479709999999999791e-04 2.564159999999999854e+04
4.055570000000000203e-04 2.517909999999999854e+04
4.726730000000000059e-04 2.467070000000000073e+04
5.508950000000000305e-04 2.411540000000000146e+04
6.420630000000000087e-04 2.351259999999999854e+04
7.483190000000000024e-04 2.286259999999999854e+04
8.721589999999999551e-04 2.216679999999999927e+04
1.016490000000000102e-03 2.142759999999999854e+04
1.184710000000000060e-03 2.064840000000000146e+04
1.380769999999999914e-03 1.983350000000000000e+04
1.609280000000000042e-03 1.898840000000000146e+04
1.875600000000000054e-03 1.811929999999999927e+04
2.185990000000000068e-03 1.723270000000000073e+04
2.547750000000000101e-03 1.633589999999999964e+04
2.969380000000000196e-03 1.543610000000000036e+04
3.460790000000000047e-03 1.454039999999999964e+04
4.033509999999999700e-03 1.365560000000000036e+04
4.701020000000000199e-03 1.278770000000000073e+04
5.479000000000000363e-03 1.194250000000000000e+04
6.385720000000000111e-03 1.112450000000000000e+04
7.442500000000000331e-03 1.033760000000000036e+04
8.674160000000000204e-03 9.584870000000000800e+03
1.010969999999999924e-02 8.868379999999999200e+03
1.178270000000000012e-02 8.189500000000000000e+03
1.373259999999999932e-02 7.548869999999999891e+03
1.600530000000000008e-02 6.946529999999999745e+03
1.865400000000000044e-02 6.381970000000000255e+03
2.174099999999999991e-02 5.854289999999999964e+03
2.533900000000000041e-02 5.362229999999999563e+03
2.953230000000000091e-02 4.904319999999999709e+03
3.441969999999999752e-02 4.478899999999999636e+03
4.011580000000000007e-02 4.084219999999999800e+03
4.675460000000000033e-02 3.718460000000000036e+03
5.449199999999999877e-02 3.379809999999999945e+03
6.350989999999999414e-02 3.066469999999999800e+03
7.402019999999999433e-02 2.776699999999999818e+03
8.626989999999999659e-02 2.508849999999999909e+03
1.005469999999999975e-01 2.261320000000000164e+03
1.171859999999999985e-01 2.032640000000000100e+03
1.365800000000000070e-01 1.821440000000000055e+03
1.591819999999999902e-01 1.626450000000000045e+03
1.855249999999999955e-01 1.446539999999999964e+03
2.162280000000000035e-01 1.280680000000000064e+03
2.520120000000000138e-01 1.128000000000000000e+03
2.937170000000000059e-01 9.877390000000000327e+02
3.423249999999999904e-01 8.592910000000000537e+02
3.989759999999999973e-01 7.422100000000000364e+02
4.650029999999999997e-01 6.362229999999999563e+02
5.419570000000000221e-01 5.412490000000000236e+02
6.316460000000000408e-01 4.574309999999999832e+02
7.361769999999999703e-01 3.851610000000000014e+02
8.580079999999999929e-01 3.251299999999999955e+02
1.000000000000000000e+00 2.744557018168272862e+02
