1.276679999999999980e-09 5.589460000000000000e+05
1.566830000000000058e-09 1.139700000000000000e+06
1.922919999999999808e-09 1.775800000000000000e+06
2.359940000000000021e-09 2.375120000000000000e+06
2.896269999999999967e-09 2.896960000000000000e+06
3.554500000000000081e-09 3.335200000000000000e+06
4.362319999999999883e-09 3.697190000000000000e+06
5.353740000000000167e-09 3.993200000000000000e+06
6.570470000000000369e-09 4.232880000000000000e+06
8.063720000000000357e-09 4.425190000000000000e+06
9.896340000000000590e-09 4.577520000000000000e+06
1.214549999999999947e-08 4.696780000000000000e+06
1.490570000000000158e-08 4.789200000000000000e+06
1.829330000000000010e-08 4.860240000000000000e+06
2.245079999999999944e-08 4.913880000000000000e+06
2.755310000000000073e-08 4.953460000000000000e+06
3.381500000000000203e-08 4.982450000000000000e+06
4.150009999999999982e-08 5.003750000000000000e+06
5.093169999999999939e-08 5.019310000000000000e+06
6.250679999999999429e-08 5.030250000000000000e+06
7.671250000000000615e-08 5.037180000000000000e+06
9.414680000000000498e-08 5.040420000000000000e+06
1.155430000000000044e-07 5.040160000000000000e+06
1.418019999999999882e-07 5.036420000000000000e+06
1.740300000000000039e-07 5.029120000000000000e+06
2.135810000000000118e-07 5.018070000000000000e+06
2.621209999999999951e-07 5.002970000000000000e+06
3.216920000000000195e-07 4.983400000000000000e+06
3.948020000000000170e-07 4.958800000000000000e+06
4.845280000000000093e-07 4.928520000000000000e+06
5.946449999999999623e-07 4.891770000000000000e+06
7.297889999999999977e-07 4.847650000000000000e+06
8.956460000000000514e-07 4.795130000000000000e+06
1.099199999999999996e-06 4.733120000000000000e+06
1.349009999999999981e-06 4.660480000000000000e+06
1.655590000000000017e-06 4.576050000000000000e+06
2.031860000000000143e-06 4.478760000000000000e+06
2.493630000000000128e-06 4.367680000000000000e+06
3.060349999999999845e-06 4.242140000000000000e+06
3.755869999999999922e-06 4.101850000000000000e+06
4.609460000000000248e-06 3.946950000000000000e+06
5.657029999999999775e-06 3.778140000000000000e+06
6.942689999999999761e-06 3.596700000000000000e+06
8.520540000000000248e-06 3.404470000000000000e+06
1.045700000000000000e-05 3.203820000000000000e+06
1.283350000000000003e-05 2.997470000000000000e+06
1.575010000000000019e-05 2.788380000000000000e+06
1.932959999999999870e-05 2.579550000000000000e+06
2.372259999999999883e-05 2.373870000000000000e+06
2.911399999999999942e-05 2.173900000000000000e+06
3.573069999999999995e-05 1.981830000000000000e+06
4.385109999999999762e-05 1.799400000000000000e+06
5.381700000000000329e-05 1.627830000000000000e+06
6.604789999999999489e-05 1.467900000000000000e+06
8.105839999999999628e-05 1.320000000000000000e+06
9.948029999999999688e-05 1.184110000000000000e+06
1.220890000000000029e-04 1.059990000000000000e+06
1.498360000000000067e-04 9.471550000000000000e+05
1.838889999999999871e-04 8.450000000000000000e+05
2.256799999999999941e-04 7.528230000000000000e+05
2.769700000000000265e-04 6.698800000000000000e+05
3.399170000000000186e-04 5.954190000000000000e+05
4.171679999999999876e-04 5.286980000000000000e+05
5.119770000000000484e-04 4.690090000000000000e+05
6.283330000000000165e-04 4.156830000000000000e+05
7.711320000000000023e-04 3.680970000000000000e+05
9.463860000000000154e-04 3.256770000000000000e+05
1.161469999999999950e-03 2.879000000000000000e+05
1.425430000000000100e-03 2.542860000000000000e+05
1.749389999999999973e-03 2.244040000000000000e+05
2.146959999999999841e-03 1.978600000000000000e+05
2.634899999999999916e-03 1.743020000000000000e+05
3.233730000000000198e-03 1.534100000000000000e+05
3.968649999999999782e-03 1.348990000000000000e+05
4.870590000000000162e-03 1.185090000000000000e+05
5.977520000000000056e-03 1.040090000000000000e+05
7.336009999999999580e-03 9.119169999999999709e+04
9.003239999999999160e-03 7.986960000000000582e+04
1.104939999999999915e-02 6.987569999999999709e+04
1.356060000000000078e-02 6.106030000000000291e+04
1.664240000000000164e-02 5.328940000000000146e+04
2.042470000000000049e-02 4.644319999999999709e+04
2.506660000000000138e-02 4.041509999999999854e+04
3.076339999999999977e-02 3.510980000000000291e+04
3.775490000000000096e-02 3.044250000000000000e+04
4.633530000000000287e-02 2.633800000000000000e+04
5.686589999999999701e-02 2.272920000000000073e+04
6.978959999999999331e-02 1.955720000000000073e+04
8.565050000000000441e-02 1.676950000000000000e+04
1.051160000000000011e-01 1.432010000000000036e+04
1.290060000000000096e-01 1.216860000000000036e+04
1.583239999999999925e-01 1.027979999999999927e+04
1.943060000000000065e-01 8.623200000000000728e+03
2.384660000000000113e-01 7.172619999999999891e+03
2.926610000000000045e-01 5.906159999999999854e+03
3.591730000000000200e-01 4.805909999999999854e+03
4.408020000000000271e-01 3.857929999999999836e+03
5.409819999999999629e-01 3.052360000000000127e+03
6.639289999999999914e-01 2.383639999999999873e+03
8.148180000000000422e-01 1.850950000000000045e+03
1.000000000000000000e+00 1.437302573909593775e+03
