2.978919999999999883e-09 2.395480000000000000e+05
3.625089999999999938e-09 4.773270000000000000e+05
4.411419999999999641e-09 7.387150000000000000e+05
5.368310000000000046e-09 9.876990000000000000e+05
6.532769999999999972e-09 1.207100000000000000e+06
7.949810000000000695e-09 1.393380000000000000e+06
9.674220000000000120e-09 1.548830000000000000e+06
1.177269999999999927e-08 1.677280000000000000e+06
1.432630000000000005e-08 1.782480000000000000e+06
1.743390000000000036e-08 1.867970000000000000e+06
2.121549999999999896e-08 1.936630000000000000e+06
2.581740000000000062e-08 1.991190000000000000e+06
3.141760000000000202e-08 2.034090000000000000e+06
3.823240000000000293e-08 2.067570000000000000e+06
4.652550000000000193e-08 2.093430000000000000e+06
5.661749999999999727e-08 2.113000000000000000e+06
6.889849999999999984e-08 2.127550000000000000e+06
8.384350000000000562e-08 2.138340000000000000e+06
1.020299999999999945e-07 2.146370000000000000e+06
1.241619999999999970e-07 2.152280000000000000e+06
1.510939999999999896e-07 2.156430000000000000e+06
1.838679999999999892e-07 2.159040000000000000e+06
2.237520000000000041e-07 2.160210000000000000e+06
2.722860000000000071e-07 2.160010000000000000e+06
3.313489999999999848e-07 2.158430000000000000e+06
4.032219999999999826e-07 2.155460000000000000e+06
4.906859999999999510e-07 2.151010000000000000e+06
5.971229999999999663e-07 2.144970000000000000e+06
7.266459999999999543e-07 2.137200000000000000e+06
8.842650000000000371e-07 2.127480000000000000e+06
1.076069999999999974e-06 2.115590000000000000e+06
1.309490000000000061e-06 2.101220000000000000e+06
1.593530000000000056e-06 2.084060000000000000e+06
1.939190000000000148e-06 2.063720000000000000e+06
2.359819999999999964e-06 2.039800000000000000e+06
2.871699999999999966e-06 2.011890000000000000e+06
3.494609999999999818e-06 1.979530000000000000e+06
4.252630000000000143e-06 1.942310000000000000e+06
5.175080000000000095e-06 1.899840000000000000e+06
6.297620000000000193e-06 1.851810000000000000e+06
7.663650000000000732e-06 1.798020000000000000e+06
9.325989999999999457e-06 1.738410000000000000e+06
1.134890000000000073e-05 1.673110000000000000e+06
1.381059999999999954e-05 1.602450000000000000e+06
1.680629999999999865e-05 1.526940000000000000e+06
2.045189999999999980e-05 1.447340000000000000e+06
2.488809999999999978e-05 1.364560000000000000e+06
3.028669999999999922e-05 1.279650000000000000e+06
3.685620000000000129e-05 1.193720000000000000e+06
4.485080000000000094e-05 1.107920000000000000e+06
5.457950000000000149e-05 1.023320000000000000e+06
6.641849999999999436e-05 9.409070000000000000e+05
8.082549999999999381e-05 8.615240000000000000e+05
9.835759999999999490e-05 7.858420000000000000e+05
1.196929999999999940e-04 7.143610000000000000e+05
1.456549999999999870e-04 6.474120000000000000e+05
1.772499999999999987e-04 5.851700000000000000e+05
2.156980000000000073e-04 5.276750000000000000e+05
2.624850000000000187e-04 4.748610000000000000e+05
3.194219999999999785e-04 4.265740000000000000e+05
3.887079999999999789e-04 3.826050000000000000e+05
4.730240000000000031e-04 3.427010000000000000e+05
5.756290000000000278e-04 3.065890000000000000e+05
7.004900000000000102e-04 2.739840000000000000e+05
8.524350000000000200e-04 2.446030000000000000e+05
1.037340000000000094e-03 2.181710000000000000e+05
1.262349999999999974e-03 1.944230000000000000e+05
1.536169999999999897e-03 1.731140000000000000e+05
1.869390000000000071e-03 1.540110000000000000e+05
2.274879999999999958e-03 1.369030000000000000e+05
2.768329999999999836e-03 1.215930000000000000e+05
3.368819999999999801e-03 1.079050000000000000e+05
4.099550000000000416e-03 9.567439999999999418e+04
4.988799999999999832e-03 8.475510000000000582e+04
6.070930000000000423e-03 7.501310000000000582e+04
7.387799999999999923e-03 6.632760000000000582e+04
8.990299999999999681e-03 5.858909999999999854e+04
1.094039999999999943e-02 5.169900000000000000e+04
1.331350000000000068e-02 4.556819999999999709e+04
1.620140000000000122e-02 4.011619999999999709e+04
1.971569999999999920e-02 3.527069999999999709e+04
2.399230000000000113e-02 3.096640000000000146e+04
2.919650000000000023e-02 2.714470000000000073e+04
3.552960000000000146e-02 2.375300000000000000e+04
4.323640000000000122e-02 2.074400000000000000e+04
5.261489999999999917e-02 1.807520000000000073e+04
6.402779999999999583e-02 1.570879999999999927e+04
7.791620000000000490e-02 1.361110000000000036e+04
9.481720000000000426e-02 1.175179999999999927e+04
1.153840000000000005e-01 1.010439999999999964e+04
1.404130000000000100e-01 8.645149999999999636e+03
1.708699999999999941e-01 7.353470000000000255e+03
2.079340000000000077e-01 6.211350000000000364e+03
2.530370000000000119e-01 5.203420000000000073e+03
3.079239999999999755e-01 4.316729999999999563e+03
3.747170000000000223e-01 3.540809999999999945e+03
4.559969999999999857e-01 2.867639999999999873e+03
5.549089999999999856e-01 2.291809999999999945e+03
6.752759999999999874e-01 1.810670000000000073e+03
8.217520000000000380e-01 1.424690000000000055e+03
1.000000000000000000e+00 1.120989953452359032e+03
