1.276680000000000089e-03 5.589560000000000084e-01
1.364650000000000021e-03 7.343380000000000463e-01
1.458679999999999959e-03 9.245360000000000245e-01
1.559190000000000012e-03 1.124670000000000059e+00
1.666630000000000108e-03 1.330750000000000099e+00
1.781470000000000059e-03 1.538799999999999946e+00
1.904220000000000088e-03 1.745479999999999920e+00
2.035429999999999965e-03 1.948120000000000074e+00
2.175690000000000089e-03 2.144719999999999960e+00
2.325600000000000150e-03 2.333860000000000046e+00
2.485849999999999952e-03 2.514650000000000052e+00
2.657140000000000109e-03 2.686620000000000008e+00
2.840230000000000012e-03 2.849569999999999936e+00
3.035930000000000052e-03 3.003530000000000033e+00
3.245120000000000209e-03 3.148680000000000145e+00
3.468730000000000164e-03 3.285280000000000200e+00
3.707740000000000168e-03 3.413650000000000073e+00
3.963219999999999937e-03 3.534130000000000216e+00
4.236310000000000076e-03 3.647130000000000205e+00
4.528210000000000394e-03 3.752920000000000034e+00
4.840230000000000053e-03 3.851900000000000102e+00
5.173750000000000397e-03 3.944409999999999972e+00
5.530249999999999576e-03 4.030800000000000161e+00
5.911310000000000349e-03 4.111239999999999561e+00
6.318630000000000427e-03 4.186250000000000249e+00
6.754020000000000336e-03 4.256009999999999849e+00
7.219399999999999949e-03 4.320909999999999584e+00
7.716859999999999865e-03 4.381039999999999601e+00
8.248590000000000089e-03 4.436709999999999710e+00
8.816960000000000422e-03 4.488209999999999589e+00
9.424490000000000645e-03 4.535750000000000171e+00
1.007390000000000022e-02 4.579570000000000363e+00
1.076799999999999979e-02 4.619889999999999830e+00
1.150999999999999940e-02 4.656920000000000393e+00
1.230310000000000084e-02 4.690859999999999808e+00
1.315080000000000068e-02 4.721930000000000405e+00
1.405700000000000005e-02 4.750320000000000320e+00
1.502560000000000007e-02 4.776200000000000223e+00
1.606099999999999889e-02 4.799750000000000405e+00
1.716760000000000161e-02 4.821119999999999628e+00
1.835060000000000163e-02 4.840419999999999945e+00
1.961500000000000049e-02 4.857759999999999856e+00
2.096659999999999843e-02 4.873230000000000395e+00
2.241129999999999858e-02 4.886940000000000062e+00
2.395560000000000050e-02 4.899020000000000152e+00
2.560619999999999910e-02 4.909559999999999924e+00
2.737059999999999840e-02 4.918689999999999785e+00
2.925660000000000066e-02 4.926510000000000389e+00
3.127250000000000169e-02 4.933119999999999727e+00
3.342740000000000294e-02 4.938609999999999722e+00
3.573069999999999719e-02 4.943050000000000388e+00
3.819270000000000304e-02 4.946519999999999584e+00
4.082439999999999680e-02 4.949040000000000106e+00
4.363739999999999980e-02 4.950680000000000192e+00
4.664419999999999678e-02 4.951439999999999841e+00
4.985830000000000123e-02 4.951360000000000205e+00
5.329380000000000228e-02 4.950429999999999886e+00
5.696600000000000275e-02 4.948660000000000281e+00
6.089119999999999949e-02 4.946049999999999613e+00
6.508700000000000596e-02 4.942590000000000039e+00
6.957180000000000308e-02 4.938270000000000159e+00
7.436560000000000392e-02 4.933060000000000223e+00
7.948979999999999935e-02 4.926940000000000097e+00
8.496710000000000373e-02 4.919900000000000162e+00
9.082170000000000520e-02 4.911900000000000155e+00
9.707979999999999388e-02 4.902910000000000323e+00
1.037690000000000001e-01 4.892890000000000406e+00
1.109190000000000037e-01 4.881809999999999761e+00
1.185620000000000007e-01 4.869629999999999903e+00
1.267320000000000113e-01 4.856309999999999683e+00
1.354640000000000011e-01 4.841789999999999594e+00
1.447980000000000100e-01 4.826030000000000264e+00
1.547759999999999969e-01 4.808980000000000032e+00
1.654410000000000047e-01 4.790589999999999904e+00
1.768399999999999972e-01 4.770789999999999864e+00
1.890259999999999996e-01 4.749550000000000161e+00
2.020500000000000074e-01 4.726790000000000269e+00
2.159729999999999983e-01 4.702469999999999928e+00
2.308540000000000036e-01 4.676529999999999632e+00
2.467610000000000081e-01 4.648909999999999876e+00
2.637650000000000272e-01 4.619559999999999889e+00
2.819389999999999952e-01 4.588440000000000296e+00
3.013660000000000228e-01 4.555500000000000327e+00
3.221319999999999739e-01 4.520710000000000228e+00
3.443289999999999962e-01 4.484029999999999738e+00
3.680550000000000210e-01 4.445470000000000255e+00
3.934159999999999879e-01 4.405009999999999870e+00
4.205240000000000089e-01 4.362680000000000113e+00
4.495000000000000107e-01 4.318509999999999849e+00
4.804729999999999834e-01 4.272569999999999979e+00
5.135800000000000365e-01 4.224969999999999892e+00
5.489690000000000403e-01 4.175819999999999865e+00
5.867949999999999555e-01 4.125320000000000320e+00
6.272290000000000365e-01 4.073690000000000033e+00
6.704480000000000439e-01 4.021230000000000082e+00
7.166449999999999765e-01 3.968300000000000161e+00
7.660259999999999847e-01 3.915360000000000174e+00
8.188090000000000090e-01 3.862950000000000106e+00
8.752290000000000347e-01 3.811749999999999972e+00
9.355369999999999520e-01 3.762539999999999996e+00
1.000000000000000000e+00 3.713965700913216317e+00
