1.117100000000000070e-06 6.387960000000000491e+02
1.281179999999999988e-06 1.069329999999999927e+03
1.469360000000000023e-06 1.547920000000000073e+03
1.685189999999999912e-06 2.035009999999999991e+03
1.932710000000000000e-06 2.501690000000000055e+03
2.216589999999999813e-06 2.931860000000000127e+03
2.542170000000000006e-06 3.319320000000000164e+03
2.915579999999999959e-06 3.663710000000000036e+03
3.343820000000000199e-06 3.967449999999999818e+03
3.834980000000000000e-06 4.233960000000000036e+03
4.398270000000000327e-06 4.466829999999999927e+03
5.044300000000000137e-06 4.669449999999999818e+03
5.785219999999999813e-06 4.844960000000000036e+03
6.634969999999999597e-06 4.996470000000000255e+03
7.609530000000000139e-06 5.126350000000000364e+03
8.727250000000000171e-06 5.237170000000000073e+03
1.000910000000000044e-05 5.331220000000000255e+03
1.147930000000000036e-05 5.410640000000000327e+03
1.316539999999999934e-05 5.477449999999999818e+03
1.509919999999999936e-05 5.533479999999999563e+03
1.731700000000000039e-05 5.580149999999999636e+03
1.986060000000000090e-05 5.618569999999999709e+03
2.277780000000000069e-05 5.649869999999999891e+03
2.612340000000000132e-05 5.675270000000000437e+03
2.996049999999999885e-05 5.695880000000000109e+03
3.436119999999999892e-05 5.712659999999999854e+03
3.940830000000000011e-05 5.726289999999999964e+03
4.519670000000000046e-05 5.737260000000000218e+03
5.183530000000000158e-05 5.745909999999999854e+03
5.944899999999999951e-05 5.752449999999999818e+03
6.818100000000000332e-05 5.757020000000000437e+03
7.819570000000000080e-05 5.759729999999999563e+03
8.968130000000000481e-05 5.760630000000000109e+03
1.028540000000000015e-04 5.759739999999999782e+03
1.179610000000000044e-04 5.757069999999999709e+03
1.352880000000000098e-04 5.752600000000000364e+03
1.551590000000000098e-04 5.746270000000000437e+03
1.779499999999999886e-04 5.738000000000000000e+03
2.040870000000000130e-04 5.727699999999999818e+03
2.340640000000000006e-04 5.715229999999999563e+03
2.684440000000000068e-04 5.700439999999999600e+03
3.078739999999999732e-04 5.683149999999999636e+03
3.530960000000000088e-04 5.663130000000000109e+03
4.049599999999999988e-04 5.640159999999999854e+03
4.644410000000000075e-04 5.613949999999999818e+03
5.326600000000000128e-04 5.584220000000000255e+03
6.108980000000000183e-04 5.550640000000000327e+03
7.006290000000000304e-04 5.512850000000000364e+03
8.035390000000000327e-04 5.470500000000000000e+03
9.215659999999999651e-04 5.423180000000000291e+03
1.056929999999999979e-03 5.370520000000000437e+03
1.212170000000000044e-03 5.312090000000000146e+03
1.390219999999999954e-03 5.247510000000000218e+03
1.594420000000000039e-03 5.176399999999999636e+03
1.828610000000000044e-03 5.098409999999999854e+03
2.097200000000000019e-03 5.013239999999999782e+03
2.405249999999999836e-03 4.920630000000000109e+03
2.758539999999999864e-03 4.820439999999999600e+03
3.163720000000000074e-03 4.712590000000000146e+03
3.628419999999999822e-03 4.597109999999999673e+03
4.161370000000000173e-03 4.474170000000000073e+03
4.772600000000000106e-03 4.344060000000000400e+03
5.473620000000000221e-03 4.207199999999999818e+03
6.277600000000000367e-03 4.064139999999999873e+03
7.199670000000000028e-03 3.915559999999999945e+03
8.257179999999999381e-03 3.762269999999999982e+03
9.470019999999999133e-03 3.605150000000000091e+03
1.086100000000000086e-02 3.445159999999999854e+03
1.245630000000000001e-02 3.283309999999999945e+03
1.428590000000000068e-02 3.120610000000000127e+03
1.638430000000000095e-02 2.958079999999999927e+03
1.879079999999999986e-02 2.796690000000000055e+03
2.155090000000000131e-02 2.637360000000000127e+03
2.471639999999999948e-02 2.480909999999999854e+03
2.834679999999999839e-02 2.328090000000000146e+03
3.251040000000000180e-02 2.179530000000000200e+03
3.728569999999999801e-02 2.035740000000000009e+03
4.276230000000000309e-02 1.897160000000000082e+03
4.904329999999999801e-02 1.764079999999999927e+03
5.624699999999999839e-02 1.636730000000000018e+03
6.450870000000000215e-02 1.515210000000000036e+03
7.398390000000000521e-02 1.399569999999999936e+03
8.485090000000000687e-02 1.289779999999999973e+03
9.731399999999999773e-02 1.185759999999999991e+03
1.116079999999999989e-01 1.087390000000000100e+03
1.280010000000000037e-01 9.945009999999999764e+02
1.468019999999999881e-01 9.069170000000000300e+02
1.683649999999999869e-01 8.244470000000000027e+02
1.930949999999999889e-01 7.468980000000000246e+02
2.214569999999999872e-01 6.740810000000000173e+02
2.539859999999999896e-01 6.058239999999999554e+02
2.912919999999999954e-01 5.419769999999999754e+02
3.340779999999999861e-01 4.824180000000000064e+02
3.831479999999999886e-01 4.270649999999999977e+02
4.394259999999999833e-01 3.758809999999999718e+02
5.039700000000000291e-01 3.288849999999999909e+02
5.779940000000000078e-01 2.861619999999999777e+02
6.628920000000000368e-01 2.478739999999999952e+02
7.602590000000000181e-01 2.142750000000000057e+02
8.719289999999999541e-01 1.857290000000000134e+02
1.000000000000000000e+00 1.609861969165146718e+02
