1.787350000000000050e-03 3.992530000000000245e-01
1.904099999999999933e-03 5.179190000000000182e-01
2.028460000000000159e-03 6.462729999999999864e-01
2.160950000000000024e-03 7.813369999999999482e-01
2.302090000000000126e-03 9.206140000000000434e-01
2.452450000000000116e-03 1.061609999999999943e+00
2.612629999999999900e-03 1.202280000000000015e+00
2.783270000000000015e-03 1.340829999999999966e+00
2.965059999999999831e-03 1.475889999999999924e+00
3.158719999999999844e-03 1.606470000000000065e+00
3.365040000000000132e-03 1.731880000000000086e+00
3.584819999999999847e-03 1.851720000000000033e+00
3.818960000000000150e-03 1.965770000000000017e+00
4.068399999999999794e-03 2.073989999999999778e+00
4.334120000000000333e-03 2.176429999999999865e+00
4.617210000000000064e-03 2.273219999999999796e+00
4.918780000000000201e-03 2.364520000000000177e+00
5.240039999999999629e-03 2.450559999999999850e+00
5.582300000000000109e-03 2.531540000000000123e+00
5.946899999999999756e-03 2.607680000000000220e+00
6.335320000000000187e-03 2.679209999999999869e+00
6.749110000000000005e-03 2.746350000000000069e+00
7.189929999999999759e-03 2.809289999999999843e+00
7.659530000000000331e-03 2.868269999999999875e+00
8.159809999999999980e-03 2.923399999999999999e+00
8.692770000000000705e-03 2.974940000000000140e+00
9.260529999999999456e-03 3.023089999999999833e+00
9.865379999999999983e-03 3.068039999999999878e+00
1.050970000000000029e-02 3.109849999999999781e+00
1.119619999999999990e-02 3.148719999999999963e+00
1.192739999999999946e-02 3.184810000000000141e+00
1.270650000000000078e-02 3.218280000000000030e+00
1.353640000000000052e-02 3.249239999999999906e+00
1.442049999999999929e-02 3.277849999999999930e+00
1.536240000000000001e-02 3.304240000000000066e+00
1.636579999999999979e-02 3.328530000000000211e+00
1.743470000000000089e-02 3.350849999999999884e+00
1.857349999999999973e-02 3.371329999999999938e+00
1.978660000000000141e-02 3.390060000000000073e+00
2.107890000000000111e-02 3.407169999999999810e+00
2.245569999999999858e-02 3.422759999999999803e+00
2.392239999999999991e-02 3.436939999999999884e+00
2.548490000000000130e-02 3.449739999999999807e+00
2.714940000000000062e-02 3.461259999999999781e+00
2.892259999999999970e-02 3.471530000000000005e+00
3.081170000000000089e-02 3.480620000000000047e+00
3.282419999999999782e-02 3.488599999999999923e+00
3.496810000000000196e-02 3.495519999999999960e+00
3.725200000000000039e-02 3.501459999999999795e+00
3.968510000000000093e-02 3.506470000000000198e+00
4.227709999999999801e-02 3.510619999999999852e+00
4.503839999999999927e-02 3.513959999999999972e+00
4.798009999999999775e-02 3.516539999999999999e+00
5.111389999999999684e-02 3.518409999999999815e+00
5.445239999999999803e-02 3.519579999999999931e+00
5.800890000000000213e-02 3.520099999999999785e+00
6.179779999999999995e-02 3.519979999999999887e+00
6.583410000000000650e-02 3.519219999999999793e+00
7.013400000000000190e-02 3.517850000000000144e+00
7.471479999999999788e-02 3.515849999999999920e+00
7.959470000000000434e-02 3.513230000000000075e+00
8.479340000000000488e-02 3.509970000000000034e+00
9.033170000000000088e-02 3.506079999999999863e+00
9.623170000000000335e-02 3.501529999999999809e+00
1.025169999999999970e-01 3.496319999999999872e+00
1.092130000000000045e-01 3.490409999999999791e+00
1.163460000000000050e-01 3.483800000000000008e+00
1.239449999999999996e-01 3.476459999999999884e+00
1.320409999999999917e-01 3.468360000000000110e+00
1.406650000000000122e-01 3.459490000000000176e+00
1.498520000000000130e-01 3.449809999999999821e+00
1.596400000000000041e-01 3.439290000000000180e+00
1.700669999999999960e-01 3.427919999999999856e+00
1.811740000000000017e-01 3.415639999999999787e+00
1.930080000000000129e-01 3.402439999999999909e+00
2.056139999999999912e-01 3.388290000000000024e+00
2.190439999999999887e-01 3.373139999999999805e+00
2.333500000000000019e-01 3.356980000000000075e+00
2.485920000000000074e-01 3.339760000000000062e+00
2.648280000000000078e-01 3.321470000000000145e+00
2.821250000000000147e-01 3.302070000000000061e+00
3.005519999999999858e-01 3.281540000000000123e+00
3.201829999999999954e-01 3.259850000000000136e+00
3.410949999999999815e-01 3.237000000000000099e+00
3.633739999999999748e-01 3.212979999999999947e+00
3.871080000000000076e-01 3.187780000000000058e+00
4.123910000000000076e-01 3.161410000000000053e+00
4.393270000000000231e-01 3.133890000000000065e+00
4.680210000000000203e-01 3.105259999999999909e+00
4.985899999999999777e-01 3.075559999999999850e+00
5.311550000000000438e-01 3.044869999999999965e+00
5.658469999999999889e-01 3.013269999999999893e+00
6.028050000000000352e-01 2.980890000000000040e+00
6.421769999999999978e-01 2.947880000000000056e+00
6.841209999999999791e-01 2.914429999999999854e+00
7.288040000000000074e-01 2.880770000000000053e+00
7.764050000000000118e-01 2.847179999999999822e+00
8.271159999999999624e-01 2.814020000000000188e+00
8.811390000000000056e-01 2.781680000000000152e+00
9.386900000000000244e-01 2.750659999999999883e+00
1.000000000000000000e+00 2.719985874690322269e+00
