1.787349999999999921e-07 3.992469999999999800e+03
2.087799999999999941e-07 7.071500000000000000e+03
2.438750000000000050e-07 1.049220000000000073e+04
2.848690000000000080e-07 1.391079999999999927e+04
3.327529999999999886e-07 1.710420000000000073e+04
3.886869999999999917e-07 1.997159999999999854e+04
4.540230000000000151e-07 2.249170000000000073e+04
5.303420000000000250e-07 2.468109999999999854e+04
6.194889999999999696e-07 2.656979999999999927e+04
7.236220000000000193e-07 2.819009999999999854e+04
8.452590000000000119e-07 2.957209999999999854e+04
9.873419999999999482e-07 3.074590000000000146e+04
1.153310000000000101e-06 3.173500000000000000e+04
1.347170000000000012e-06 3.256309999999999854e+04
1.573630000000000043e-06 3.325159999999999854e+04
1.838140000000000073e-06 3.382040000000000146e+04
2.147119999999999866e-06 3.428800000000000000e+04
2.508039999999999792e-06 3.467059999999999854e+04
2.929629999999999850e-06 3.498030000000000291e+04
3.422080000000000107e-06 3.522719999999999709e+04
3.997320000000000380e-06 3.542240000000000146e+04
4.669240000000000377e-06 3.557659999999999854e+04
5.454119999999999714e-06 3.569869999999999709e+04
6.370919999999999982e-06 3.579530000000000291e+04
7.441839999999999886e-06 3.587080000000000291e+04
8.692770000000000461e-06 3.592800000000000000e+04
1.015399999999999968e-05 3.596859999999999854e+04
1.186080000000000001e-05 3.599380000000000291e+04
1.385449999999999923e-05 3.600430000000000291e+04
1.618340000000000162e-05 3.600040000000000146e+04
1.890369999999999995e-05 3.598219999999999709e+04
2.208130000000000151e-05 3.594950000000000000e+04
2.579309999999999874e-05 3.590180000000000291e+04
3.012879999999999858e-05 3.583830000000000291e+04
3.519320000000000044e-05 3.575809999999999854e+04
4.110900000000000231e-05 3.565990000000000146e+04
4.801920000000000266e-05 3.554209999999999854e+04
5.609090000000000197e-05 3.540280000000000291e+04
6.551950000000000178e-05 3.523990000000000146e+04
7.653299999999999383e-05 3.505090000000000146e+04
8.939770000000000637e-05 3.483309999999999854e+04
1.044250000000000039e-04 3.458350000000000000e+04
1.219780000000000034e-04 3.429880000000000291e+04
1.424820000000000090e-04 3.397559999999999854e+04
1.664319999999999949e-04 3.361030000000000291e+04
1.944089999999999881e-04 3.319930000000000291e+04
2.270879999999999915e-04 3.273900000000000000e+04
2.652600000000000183e-04 3.222600000000000000e+04
3.098490000000000077e-04 3.165729999999999927e+04
3.619319999999999764e-04 3.103040000000000146e+04
4.227710000000000083e-04 3.034340000000000146e+04
4.938370000000000086e-04 2.959540000000000146e+04
5.768480000000000309e-04 2.878659999999999854e+04
6.738129999999999944e-04 2.791850000000000000e+04
7.870769999999999589e-04 2.699370000000000073e+04
9.193800000000000236e-04 2.601640000000000146e+04
1.073919999999999909e-03 2.499209999999999854e+04
1.254439999999999895e-03 2.392759999999999854e+04
1.465310000000000050e-03 2.283079999999999927e+04
1.711620000000000068e-03 2.171040000000000146e+04
1.999330000000000118e-03 2.057550000000000000e+04
2.335400000000000063e-03 1.943570000000000073e+04
2.727970000000000134e-03 1.830009999999999854e+04
3.186529999999999918e-03 1.717770000000000073e+04
3.722169999999999906e-03 1.607670000000000073e+04
4.347840000000000385e-03 1.500429999999999927e+04
5.078690000000000287e-03 1.396679999999999927e+04
5.932390000000000059e-03 1.296910000000000036e+04
6.929590000000000229e-03 1.201529999999999927e+04
8.094409999999999800e-03 1.110820000000000073e+04
9.455039999999999625e-03 1.024960000000000036e+04
1.104439999999999936e-02 9.440200000000000728e+03
1.290089999999999987e-02 8.680129999999999200e+03
1.506940000000000016e-02 7.968689999999999600e+03
1.760250000000000009e-02 7.304670000000000073e+03
2.056140000000000051e-02 6.686420000000000073e+03
2.401769999999999947e-02 6.112000000000000000e+03
2.805490000000000067e-02 5.579210000000000036e+03
3.277069999999999983e-02 5.085770000000000437e+03
3.827930000000000221e-02 4.629289999999999964e+03
4.471390000000000087e-02 4.207409999999999854e+03
5.222999999999999865e-02 3.817789999999999964e+03
6.100959999999999717e-02 3.458159999999999854e+03
7.126490000000000602e-02 3.126349999999999909e+03
8.324420000000000430e-02 2.820289999999999964e+03
9.723700000000000399e-02 2.538050000000000182e+03
1.135820000000000024e-01 2.277840000000000146e+03
1.326739999999999864e-01 2.037980000000000018e+03
1.549760000000000026e-01 1.816970000000000027e+03
1.810269999999999935e-01 1.613420000000000073e+03
2.114570000000000061e-01 1.426109999999999900e+03
2.470009999999999983e-01 1.253980000000000018e+03
2.885210000000000274e-01 1.096109999999999900e+03
3.370190000000000130e-01 9.517680000000000291e+02
3.936700000000000199e-01 8.203990000000000009e+02
4.598439999999999750e-01 7.016449999999999818e+02
5.371409999999999796e-01 5.953750000000000000e+02
6.274319999999999897e-01 5.017040000000000077e+02
7.328989999999999672e-01 4.210400000000000205e+02
8.560950000000000504e-01 3.541250000000000000e+02
1.000000000000000000e+00 2.978445010628088880e+02
