1.276680000000000021e-07 5.589460000000000036e+03
1.496309999999999983e-07 1.000060000000000036e+04
1.753719999999999904e-07 1.489950000000000000e+04
2.055420000000000018e-07 1.977800000000000000e+04
2.409010000000000208e-07 2.431370000000000073e+04
2.823439999999999771e-07 2.836700000000000000e+04
3.309159999999999967e-07 3.191329999999999927e+04
3.878440000000000152e-07 3.498119999999999709e+04
4.545649999999999944e-07 3.761659999999999854e+04
5.327649999999999932e-07 3.986819999999999709e+04
6.244170000000000518e-07 4.177990000000000146e+04
7.318359999999999630e-07 4.339559999999999854e+04
8.577340000000000492e-07 4.474980000000000291e+04
1.005290000000000077e-06 4.587719999999999709e+04
1.178229999999999983e-06 4.680919999999999709e+04
1.380929999999999965e-06 4.757469999999999709e+04
1.618489999999999983e-06 4.820040000000000146e+04
1.896919999999999916e-06 4.870890000000000146e+04
2.223249999999999847e-06 4.911640000000000146e+04
2.605720000000000016e-06 4.943840000000000146e+04
3.053980000000000193e-06 4.969119999999999709e+04
3.579360000000000150e-06 4.989009999999999854e+04
4.195120000000000417e-06 5.004669999999999709e+04
4.916809999999999940e-06 5.016940000000000146e+04
5.762659999999999643e-06 5.026359999999999854e+04
6.754019999999999753e-06 5.033250000000000000e+04
7.915919999999999589e-06 5.037830000000000291e+04
9.277699999999999280e-06 5.040230000000000291e+04
1.087380000000000082e-05 5.040500000000000000e+04
1.274439999999999948e-05 5.038690000000000146e+04
1.493680000000000071e-05 5.034780000000000291e+04
1.750639999999999895e-05 5.028700000000000000e+04
2.051809999999999927e-05 5.020369999999999709e+04
2.404780000000000039e-05 5.009640000000000146e+04
2.818480000000000161e-05 4.996340000000000146e+04
3.303340000000000123e-05 4.980240000000000146e+04
3.871620000000000042e-05 4.961080000000000291e+04
4.537660000000000191e-05 4.938530000000000291e+04
5.318280000000000181e-05 4.912250000000000000e+04
6.233190000000000540e-05 4.881840000000000146e+04
7.305490000000000421e-05 4.846850000000000000e+04
8.562269999999999593e-05 4.806809999999999854e+04
1.003520000000000041e-04 4.761200000000000000e+04
1.176159999999999933e-04 4.709500000000000000e+04
1.378499999999999897e-04 4.651159999999999854e+04
1.615640000000000001e-04 4.585640000000000146e+04
1.893580000000000122e-04 4.512459999999999854e+04
2.219339999999999930e-04 4.431130000000000291e+04
2.601139999999999832e-04 4.341300000000000000e+04
3.048610000000000209e-04 4.242700000000000000e+04
3.573070000000000131e-04 4.135190000000000146e+04
4.187749999999999741e-04 4.018819999999999709e+04
4.908169999999999460e-04 3.893819999999999709e+04
5.752529999999999623e-04 3.760609999999999854e+04
6.742140000000000199e-04 3.619859999999999854e+04
7.902000000000000170e-04 3.472409999999999854e+04
9.261399999999999928e-04 3.319300000000000000e+04
1.085459999999999897e-03 3.161740000000000146e+04
1.272200000000000024e-03 3.001050000000000000e+04
1.491059999999999998e-03 2.838609999999999854e+04
1.747559999999999999e-03 2.675829999999999927e+04
2.048200000000000021e-03 2.514090000000000146e+04
2.400549999999999993e-03 2.354670000000000073e+04
2.813519999999999910e-03 2.198770000000000073e+04
3.297539999999999846e-03 2.047400000000000000e+04
3.864820000000000148e-03 1.901440000000000146e+04
4.529690000000000279e-03 1.761570000000000073e+04
5.308929999999999899e-03 1.628310000000000036e+04
6.222240000000000409e-03 1.502010000000000036e+04
7.292650000000000347e-03 1.382879999999999927e+04
8.547219999999999471e-03 1.270970000000000073e+04
1.001759999999999977e-02 1.166229999999999927e+04
1.174090000000000029e-02 1.068520000000000073e+04
1.376080000000000012e-02 9.776299999999999272e+03
1.612799999999999997e-02 8.932780000000000655e+03
1.890259999999999857e-02 8.151529999999999745e+03
2.215440000000000118e-02 7.429210000000000036e+03
2.596559999999999840e-02 6.762289999999999964e+03
3.043250000000000122e-02 6.147229999999999563e+03
3.566790000000000238e-02 5.580520000000000437e+03
4.180389999999999801e-02 5.058729999999999563e+03
4.899540000000000145e-02 4.578560000000000400e+03
5.742420000000000163e-02 4.136859999999999673e+03
6.730289999999999884e-02 3.730670000000000073e+03
7.888119999999999854e-02 3.357199999999999818e+03
9.245119999999999727e-02 3.013869999999999891e+03
1.083559999999999940e-01 2.698300000000000182e+03
1.269959999999999978e-01 2.408289999999999964e+03
1.488440000000000041e-01 2.141829999999999927e+03
1.744489999999999930e-01 1.897140000000000100e+03
2.044600000000000029e-01 1.672609999999999900e+03
2.396330000000000127e-01 1.466829999999999927e+03
2.808579999999999965e-01 1.278599999999999909e+03
3.291740000000000221e-01 1.106940000000000055e+03
3.858019999999999783e-01 9.510850000000000364e+02
4.521720000000000184e-01 8.105220000000000482e+02
5.299599999999999866e-01 6.850090000000000146e+02
6.211299999999999599e-01 5.746130000000000564e+02
7.279839999999999645e-01 4.797479999999999905e+02
8.532199999999999784e-01 4.012400000000000091e+02
1.000000000000000000e+00 3.355795736874930526e+02
