1.276679999999999928e-10 5.589460000000000000e+06
1.603330000000000035e-10 1.210580000000000000e+07
2.013539999999999904e-10 1.915980000000000000e+07
2.528719999999999928e-10 2.560550000000000000e+07
3.175700000000000211e-10 3.104080000000000000e+07
3.988219999999999903e-10 3.547420000000000000e+07
5.008619999999999812e-10 3.903500000000000000e+07
6.290089999999999731e-10 4.186100000000000000e+07
7.899439999999999969e-10 4.407820000000000000e+07
9.920539999999999328e-10 4.579140000000000000e+07
1.245869999999999959e-09 4.709630000000000000e+07
1.564640000000000089e-09 4.807800000000000000e+07
1.964959999999999799e-09 4.880800000000000000e+07
2.467700000000000071e-09 4.933690000000000000e+07
3.099070000000000135e-09 4.971190000000000000e+07
3.891979999999999623e-09 4.997770000000000000e+07
4.887760000000000087e-09 5.016590000000000000e+07
6.138309999999999661e-09 5.029460000000000000e+07
7.708820000000000269e-09 5.037300000000000000e+07
9.681150000000000633e-09 5.040600000000000000e+07
1.215809999999999920e-08 5.039560000000000000e+07
1.526879999999999839e-08 5.034210000000000000e+07
1.917539999999999977e-08 5.024380000000000000e+07
2.408149999999999961e-08 5.009740000000000000e+07
3.024290000000000276e-08 4.989810000000000000e+07
3.798059999999999931e-08 4.963870000000000000e+07
4.769810000000000013e-08 4.931070000000000000e+07
5.990189999999999722e-08 4.890340000000000000e+07
7.522800000000000368e-08 4.840430000000000000e+07
9.447539999999999906e-08 4.779940000000000000e+07
1.186470000000000036e-07 4.707340000000000000e+07
1.490040000000000020e-07 4.621040000000000000e+07
1.871270000000000053e-07 4.519500000000000000e+07
2.350040000000000045e-07 4.401330000000000000e+07
2.951309999999999976e-07 4.265470000000000000e+07
3.706410000000000166e-07 4.111400000000000000e+07
4.654710000000000260e-07 3.939230000000000000e+07
5.845640000000000456e-07 3.749920000000000000e+07
7.341269999999999933e-07 3.545310000000000000e+07
9.219570000000000016e-07 3.328110000000000000e+07
1.157839999999999997e-06 3.101740000000000000e+07
1.454080000000000061e-06 2.870130000000000000e+07
1.826110000000000038e-06 2.637400000000000000e+07
2.293330000000000115e-06 2.407590000000000000e+07
2.880089999999999898e-06 2.184350000000000000e+07
3.616980000000000139e-06 1.970750000000000000e+07
4.542390000000000059e-06 1.769160000000000000e+07
5.704579999999999853e-06 1.581220000000000000e+07
7.164120000000000282e-06 1.407860000000000000e+07
8.997089999999999946e-06 1.249410000000000000e+07
1.129899999999999973e-05 1.105710000000000000e+07
1.418989999999999945e-05 9.762160000000000000e+06
1.782049999999999989e-05 8.601540000000000000e+06
2.237989999999999896e-05 7.565770000000000000e+06
2.810590000000000140e-05 6.644680000000000000e+06
3.529699999999999765e-05 5.827880000000000000e+06
4.432779999999999934e-05 5.105250000000000000e+06
5.566929999999999909e-05 4.467150000000000000e+06
6.991249999999999852e-05 3.904590000000000000e+06
8.779989999999999941e-05 3.409310000000000000e+06
1.102640000000000000e-04 2.973820000000000000e+06
1.384749999999999913e-04 2.591340000000000000e+06
1.739049999999999960e-04 2.255790000000000000e+06
2.183990000000000074e-04 1.961710000000000000e+06
2.742770000000000169e-04 1.704270000000000000e+06
3.444519999999999743e-04 1.479140000000000000e+06
4.325819999999999861e-04 1.282480000000000000e+06
5.432590000000000379e-04 1.110860000000000000e+06
6.822549999999999925e-04 9.612690000000000000e+05
8.568119999999999816e-04 8.310080000000000000e+05
1.076029999999999955e-03 7.177030000000000000e+05
1.351339999999999920e-03 6.192500000000000000e+05
1.697079999999999899e-03 5.337910000000000000e+05
2.131290000000000094e-03 4.596850000000000000e+05
2.676589999999999959e-03 3.954870000000000000e+05
3.361400000000000065e-03 3.399260000000000000e+05
4.221429999999999974e-03 2.918820000000000000e+05
5.301499999999999789e-03 2.503760000000000000e+05
6.657910000000000390e-03 2.145480000000000000e+05
8.361369999999999914e-03 1.836460000000000000e+05
1.050069999999999996e-02 1.570120000000000000e+05
1.318730000000000076e-02 1.340720000000000000e+05
1.656130000000000102e-02 1.143260000000000000e+05
2.079860000000000042e-02 9.733880000000000291e+04
2.612000000000000086e-02 8.273239999999999418e+04
3.280290000000000289e-02 7.017810000000000582e+04
4.119570000000000176e-02 5.939119999999999709e+04
5.173579999999999846e-02 5.012530000000000291e+04
6.497260000000000535e-02 4.216740000000000146e+04
8.159600000000000186e-02 3.533400000000000000e+04
1.024729999999999946e-01 2.946720000000000073e+04
1.286909999999999998e-01 2.443179999999999927e+04
1.616170000000000107e-01 2.011240000000000146e+04
2.029670000000000085e-01 1.641159999999999854e+04
2.548969999999999847e-01 1.324789999999999964e+04
3.201140000000000096e-01 1.055439999999999964e+04
4.020159999999999845e-01 8.278010000000000218e+03
5.048730000000000162e-01 6.378920000000000073e+03
6.340470000000000272e-01 4.830739999999999782e+03
7.962709999999999511e-01 3.621150000000000091e+03
1.000000000000000000e+00 2.714437238705450454e+03
