2.234190000000000037e-08 3.193979999999999927e+04
2.664590000000000039e-08 6.014250000000000000e+04
3.177889999999999745e-08 9.135619999999999709e+04
3.790070000000000003e-08 1.218340000000000000e+05
4.520179999999999915e-08 1.494760000000000000e+05
5.390939999999999832e-08 1.735850000000000000e+05
6.429449999999999382e-08 1.942110000000000000e+05
7.667999999999999577e-08 2.116760000000000000e+05
9.145159999999999551e-08 2.263610000000000000e+05
1.090689999999999955e-07 2.386200000000000000e+05
1.300790000000000096e-07 2.487900000000000000e+05
1.551379999999999959e-07 2.571450000000000000e+05
1.850230000000000018e-07 2.639530000000000000e+05
2.206659999999999988e-07 2.694500000000000000e+05
2.631750000000000256e-07 2.738590000000000000e+05
3.138719999999999931e-07 2.773750000000000000e+05
3.743359999999999977e-07 2.801440000000000000e+05
4.464470000000000007e-07 2.822840000000000000e+05
5.324499999999999801e-07 2.839210000000000000e+05
6.350210000000000057e-07 2.851730000000000000e+05
7.573500000000000418e-07 2.861330000000000000e+05
9.032449999999999595e-07 2.868630000000000000e+05
1.077240000000000083e-06 2.874000000000000000e+05
1.284759999999999919e-06 2.877670000000000000e+05
1.532260000000000090e-06 2.879770000000000000e+05
1.827430000000000052e-06 2.880370000000000000e+05
2.179459999999999797e-06 2.879500000000000000e+05
2.599310000000000106e-06 2.877150000000000000e+05
3.100039999999999799e-06 2.873290000000000000e+05
3.697220000000000068e-06 2.867830000000000000e+05
4.409449999999999770e-06 2.860670000000000000e+05
5.258880000000000038e-06 2.851650000000000000e+05
6.271940000000000296e-06 2.840590000000000000e+05
7.480159999999999716e-06 2.827280000000000000e+05
8.921130000000000422e-06 2.811430000000000000e+05
1.063970000000000081e-05 2.792760000000000000e+05
1.268930000000000063e-05 2.770920000000000000e+05
1.513370000000000047e-05 2.745560000000000000e+05
1.804909999999999970e-05 2.716260000000000000e+05
2.152600000000000024e-05 2.682610000000000000e+05
2.567279999999999923e-05 2.644200000000000000e+05
3.061829999999999787e-05 2.600610000000000000e+05
3.651660000000000203e-05 2.551460000000000000e+05
4.355109999999999711e-05 2.496440000000000000e+05
5.194070000000000230e-05 2.435300000000000000e+05
6.194650000000000059e-05 2.367920000000000000e+05
7.387969999999999672e-05 2.294320000000000000e+05
8.811179999999999891e-05 2.214670000000000000e+05
1.050860000000000032e-04 2.129340000000000000e+05
1.253290000000000057e-04 2.038860000000000000e+05
1.494719999999999946e-04 1.943960000000000000e+05
1.782660000000000039e-04 1.845490000000000000e+05
2.126069999999999924e-04 1.744460000000000000e+05
2.535640000000000138e-04 1.641920000000000000e+05
3.024100000000000269e-04 1.538980000000000000e+05
3.606649999999999765e-04 1.436710000000000000e+05
4.301430000000000184e-04 1.336130000000000000e+05
5.130049999999999714e-04 1.238130000000000000e+05
6.118299999999999477e-04 1.143500000000000000e+05
7.296919999999999925e-04 1.052880000000000000e+05
8.702589999999999631e-04 9.667369999999999709e+04
1.037900000000000020e-03 8.854130000000000291e+04
1.237840000000000034e-03 8.091050000000000000e+04
1.476300000000000051e-03 7.378889999999999418e+04
1.760690000000000085e-03 6.717400000000000000e+04
2.099870000000000209e-03 6.105490000000000146e+04
2.504380000000000061e-03 5.541459999999999854e+04
2.986830000000000214e-03 5.023130000000000291e+04
3.562200000000000175e-03 4.548030000000000291e+04
4.248420000000000148e-03 4.113500000000000000e+04
5.066829999999999598e-03 3.716809999999999854e+04
6.042890000000000414e-03 3.355219999999999709e+04
7.206989999999999924e-03 3.026029999999999927e+04
8.595329999999999984e-03 2.726679999999999927e+04
1.025110000000000084e-02 2.454690000000000146e+04
1.222589999999999961e-02 2.207759999999999854e+04
1.458109999999999962e-02 1.983720000000000073e+04
1.738989999999999980e-02 1.780570000000000073e+04
2.073989999999999861e-02 1.596429999999999927e+04
2.473519999999999885e-02 1.429600000000000000e+04
2.950010000000000132e-02 1.278510000000000036e+04
3.518299999999999900e-02 1.141710000000000036e+04
4.196060000000000068e-02 1.017879999999999927e+04
5.004379999999999939e-02 9.058090000000000146e+03
5.968419999999999975e-02 8.044060000000000400e+03
7.118170000000000053e-02 7.126670000000000073e+03
8.489399999999999724e-02 6.296829999999999927e+03
1.012480000000000047e-01 5.546289999999999964e+03
1.207519999999999982e-01 4.867640000000000327e+03
1.440140000000000031e-01 4.254199999999999818e+03
1.717559999999999920e-01 3.700030000000000200e+03
2.048429999999999973e-01 3.199860000000000127e+03
2.443029999999999924e-01 2.749139999999999873e+03
2.913660000000000139e-01 2.343980000000000018e+03
3.474940000000000251e-01 1.981170000000000073e+03
4.144349999999999978e-01 1.658250000000000000e+03
4.942710000000000159e-01 1.373490000000000009e+03
5.894859999999999545e-01 1.126029999999999973e+03
7.030440000000000023e-01 9.159400000000000546e+02
8.384770000000000278e-01 7.443750000000000000e+02
1.000000000000000000e+00 6.049455676829537651e+02
