8.936769999999999480e-04 7.985109999999999708e-01
9.586700000000000083e-04 1.063080000000000025e+00
1.028389999999999903e-03 1.350770000000000026e+00
1.103180000000000046e-03 1.653559999999999919e+00
1.183409999999999974e-03 1.964699999999999891e+00
1.269469999999999973e-03 2.277789999999999981e+00
1.361790000000000092e-03 2.587509999999999977e+00
1.460820000000000044e-03 2.889720000000000066e+00
1.567059999999999894e-03 3.181430000000000202e+00
1.681030000000000024e-03 3.460620000000000029e+00
1.803279999999999987e-03 3.726179999999999826e+00
1.934420000000000063e-03 3.977489999999999970e+00
2.075099999999999861e-03 4.214470000000000383e+00
2.226010000000000055e-03 4.437350000000000350e+00
2.387900000000000092e-03 4.646530000000000271e+00
2.561550000000000112e-03 4.842520000000000380e+00
2.747840000000000091e-03 5.025900000000000034e+00
2.947679999999999832e-03 5.197280000000000122e+00
3.162050000000000017e-03 5.357249999999999623e+00
3.392000000000000050e-03 5.506420000000000314e+00
3.638689999999999980e-03 5.645349999999999646e+00
3.903310000000000113e-03 5.774639999999999773e+00
4.187169999999999608e-03 5.894549999999999734e+00
4.491679999999999631e-03 6.006020000000000358e+00
4.818339999999999949e-03 6.109309999999999796e+00
5.168749999999999734e-03 6.204939999999999678e+00
5.544649999999999926e-03 6.293210000000000193e+00
5.947880000000000007e-03 6.374640000000000306e+00
6.380430000000000303e-03 6.449620000000000353e+00
6.844450000000000187e-03 6.518550000000000288e+00
7.342210000000000056e-03 6.581800000000000317e+00
7.876160000000000105e-03 6.639750000000000263e+00
8.448950000000000210e-03 6.692719999999999558e+00
9.063399999999999235e-03 6.741089999999999804e+00
9.722530000000000061e-03 6.785169999999999924e+00
1.042960000000000068e-02 6.825280000000000236e+00
1.118809999999999943e-02 6.861699999999999910e+00
1.200170000000000056e-02 6.894700000000000273e+00
1.287459999999999993e-02 6.924489999999999590e+00
1.381079999999999981e-02 6.951240000000000308e+00
1.481520000000000059e-02 6.975120000000000431e+00
1.589269999999999919e-02 6.996319999999999872e+00
1.704839999999999828e-02 7.014999999999999680e+00
1.828830000000000039e-02 7.031369999999999898e+00
1.961830000000000171e-02 7.045620000000000438e+00
2.104500000000000121e-02 7.057940000000000325e+00
2.257549999999999835e-02 7.068480000000000096e+00
2.421730000000000063e-02 7.077399999999999913e+00
2.597850000000000159e-02 7.084810000000000052e+00
2.786780000000000160e-02 7.090830000000000410e+00
2.989440000000000153e-02 7.095530000000000115e+00
3.206849999999999978e-02 7.098980000000000068e+00
3.440069999999999933e-02 7.101210000000000022e+00
3.690240000000000187e-02 7.102269999999999861e+00
3.958609999999999907e-02 7.102159999999999584e+00
4.246500000000000274e-02 7.100900000000000212e+00
4.555329999999999796e-02 7.098480000000000345e+00
4.886610000000000259e-02 7.094879999999999853e+00
5.241989999999999844e-02 7.090110000000000134e+00
5.623210000000000014e-02 7.084120000000000417e+00
6.032150000000000012e-02 7.076889999999999681e+00
6.470839999999999925e-02 7.068380000000000329e+00
6.941429999999999823e-02 7.058569999999999567e+00
7.446239999999999803e-02 7.047390000000000043e+00
7.987760000000000693e-02 7.034799999999999720e+00
8.568670000000000453e-02 7.020749999999999602e+00
9.191820000000000546e-02 7.005169999999999675e+00
9.860289999999999333e-02 6.988000000000000433e+00
1.057740000000000069e-01 6.969159999999999577e+00
1.134659999999999974e-01 6.948590000000000266e+00
1.217180000000000067e-01 6.926199999999999690e+00
1.305699999999999916e-01 6.901909999999999989e+00
1.400649999999999951e-01 6.875630000000000130e+00
1.502509999999999957e-01 6.847260000000000346e+00
1.611779999999999879e-01 6.816720000000000113e+00
1.728999999999999981e-01 6.783890000000000420e+00
1.854740000000000000e-01 6.748689999999999856e+00
1.989630000000000010e-01 6.711000000000000298e+00
2.134320000000000106e-01 6.670720000000000205e+00
2.289539999999999909e-01 6.627760000000000318e+00
2.456039999999999890e-01 6.582019999999999982e+00
2.634659999999999780e-01 6.533400000000000318e+00
2.826259999999999883e-01 6.481819999999999915e+00
3.031800000000000050e-01 6.427190000000000403e+00
3.252289999999999903e-01 6.369469999999999743e+00
3.488809999999999967e-01 6.308609999999999829e+00
3.742530000000000023e-01 6.244589999999999641e+00
4.014699999999999935e-01 6.177399999999999558e+00
4.306670000000000220e-01 6.107109999999999594e+00
4.619869999999999810e-01 6.033780000000000143e+00
4.955849999999999977e-01 5.957559999999999967e+00
5.316260000000000430e-01 5.878650000000000375e+00
5.702880000000000171e-01 5.797310000000000407e+00
6.117620000000000280e-01 5.713910000000000267e+00
6.562519999999999465e-01 5.628910000000000302e+00
7.039779999999999927e-01 5.542900000000000382e+00
7.551740000000000119e-01 5.456610000000000404e+00
8.100939999999999808e-01 5.370940000000000047e+00
8.690080000000000027e-01 5.286990000000000300e+00
9.322059999999999791e-01 5.206100000000000172e+00
1.000000000000000000e+00 5.126447636761985116e+00
