1.787349999999999921e-07 3.992469999999999800e+03
2.087799999999999941e-07 7.071500000000000000e+03
2.438750000000000050e-07 1.049220000000000073e+04
2.848690000000000080e-07 1.391079999999999927e+04
3.327529999999999886e-07 1.710420000000000073e+04
3.886869999999999917e-07 1.997159999999999854e+04
4.540230000000000151e-07 2.249170000000000073e+04
5.303420000000000250e-07 2.468109999999999854e+04
6.194889999999999696e-07 2.656979999999999927e+04
7.236220000000000193e-07 2.819009999999999854e+04
8.452590000000000119e-07 2.957209999999999854e+04
9.873419999999999482e-07 3.074600000000000000e+04
1.153310000000000101e-06 3.173500000000000000e+04
1.347170000000000012e-06 3.256309999999999854e+04
1.573630000000000043e-06 3.325169999999999709e+04
1.838140000000000073e-06 3.382050000000000000e+04
2.147119999999999866e-06 3.428809999999999854e+04
2.508039999999999792e-06 3.467069999999999709e+04
2.929629999999999850e-06 3.498040000000000146e+04
3.422080000000000107e-06 3.522730000000000291e+04
3.997320000000000380e-06 3.542250000000000000e+04
4.669240000000000377e-06 3.557680000000000291e+04
5.454119999999999714e-06 3.569890000000000146e+04
6.370919999999999982e-06 3.579559999999999854e+04
7.441839999999999886e-06 3.587109999999999854e+04
8.692770000000000461e-06 3.592840000000000146e+04
1.015399999999999968e-05 3.596909999999999854e+04
1.186080000000000001e-05 3.599430000000000291e+04
1.385449999999999923e-05 3.600490000000000146e+04
1.618340000000000162e-05 3.600109999999999854e+04
1.890369999999999995e-05 3.598300000000000000e+04
2.208130000000000151e-05 3.595040000000000146e+04
2.579309999999999874e-05 3.590290000000000146e+04
3.012879999999999858e-05 3.583959999999999854e+04
3.519320000000000044e-05 3.575969999999999709e+04
4.110900000000000231e-05 3.566169999999999709e+04
4.801920000000000266e-05 3.554419999999999709e+04
5.609090000000000197e-05 3.540530000000000291e+04
6.551950000000000178e-05 3.524269999999999709e+04
7.653299999999999383e-05 3.505419999999999709e+04
8.939770000000000637e-05 3.483690000000000146e+04
1.044250000000000039e-04 3.458780000000000291e+04
1.219780000000000034e-04 3.430380000000000291e+04
1.424820000000000090e-04 3.398130000000000291e+04
1.664319999999999949e-04 3.361680000000000291e+04
1.944089999999999881e-04 3.320680000000000291e+04
2.270879999999999915e-04 3.274759999999999854e+04
2.652600000000000183e-04 3.223579999999999927e+04
3.098490000000000077e-04 3.166840000000000146e+04
3.619319999999999764e-04 3.104290000000000146e+04
4.227710000000000083e-04 3.035740000000000146e+04
4.938370000000000086e-04 2.961120000000000073e+04
5.768480000000000309e-04 2.880420000000000073e+04
6.738129999999999944e-04 2.793800000000000000e+04
7.870769999999999589e-04 2.701529999999999927e+04
9.193800000000000236e-04 2.604020000000000073e+04
1.073919999999999909e-03 2.501809999999999854e+04
1.254439999999999895e-03 2.395600000000000000e+04
1.465310000000000050e-03 2.286150000000000000e+04
1.711620000000000068e-03 2.174340000000000146e+04
1.999330000000000118e-03 2.061079999999999927e+04
2.335400000000000063e-03 1.947320000000000073e+04
2.727970000000000134e-03 1.833970000000000073e+04
3.186529999999999918e-03 1.721929999999999927e+04
3.722169999999999906e-03 1.612000000000000000e+04
4.347840000000000385e-03 1.504920000000000073e+04
5.078690000000000287e-03 1.401300000000000000e+04
5.932390000000000059e-03 1.301650000000000000e+04
6.929590000000000229e-03 1.206360000000000036e+04
8.094409999999999800e-03 1.115720000000000073e+04
9.455039999999999625e-03 1.029889999999999964e+04
1.104439999999999936e-02 9.489649999999999636e+03
1.290089999999999987e-02 8.729469999999999345e+03
1.506940000000000016e-02 8.017699999999999818e+03
1.760250000000000009e-02 7.353130000000000109e+03
2.056140000000000051e-02 6.734130000000000109e+03
2.401769999999999947e-02 6.158770000000000437e+03
2.805490000000000067e-02 5.624890000000000327e+03
3.277069999999999983e-02 5.130210000000000036e+03
3.827930000000000221e-02 4.672369999999999891e+03
4.471390000000000087e-02 4.249029999999999745e+03
5.222999999999999865e-02 3.857849999999999909e+03
6.100959999999999717e-02 3.496590000000000146e+03
7.126490000000000602e-02 3.163090000000000146e+03
8.324420000000000430e-02 2.855309999999999945e+03
9.723700000000000399e-02 2.571309999999999945e+03
1.135820000000000024e-01 2.309309999999999945e+03
1.326739999999999864e-01 2.067659999999999854e+03
1.549760000000000026e-01 1.844849999999999909e+03
1.810269999999999935e-01 1.639509999999999991e+03
2.114570000000000061e-01 1.450410000000000082e+03
2.470009999999999983e-01 1.276500000000000000e+03
2.885210000000000274e-01 1.116880000000000109e+03
3.370190000000000130e-01 9.707970000000000255e+02
3.936700000000000199e-01 8.377050000000000409e+02
4.598439999999999750e-01 7.172480000000000473e+02
5.371409999999999796e-01 6.092899999999999636e+02
6.274319999999999897e-01 5.139500000000000455e+02
7.328989999999999672e-01 4.316299999999999955e+02
8.560950000000000504e-01 3.630710000000000264e+02
1.000000000000000000e+00 3.054015725610445315e+02
