4.468390000000000217e-07 1.596990000000000009e+03
5.171890000000000130e-07 2.750750000000000000e+03
5.986149999999999641e-07 4.033280000000000200e+03
6.928610000000000524e-07 5.327260000000000218e+03
8.019449999999999723e-07 6.551600000000000364e+03
9.282039999999999649e-07 7.665359999999999673e+03
1.074340000000000076e-06 8.656110000000000582e+03
1.243479999999999909e-06 9.526610000000000582e+03
1.439260000000000091e-06 1.028589999999999964e+04
1.665859999999999963e-06 1.094470000000000073e+04
1.928130000000000206e-06 1.151379999999999927e+04
2.231689999999999888e-06 1.200260000000000036e+04
2.583050000000000197e-06 1.242100000000000000e+04
2.989720000000000066e-06 1.277639999999999964e+04
3.460429999999999918e-06 1.307670000000000073e+04
4.005239999999999620e-06 1.332889999999999964e+04
4.635820000000000281e-06 1.353939999999999964e+04
5.365679999999999591e-06 1.371450000000000000e+04
6.210459999999999828e-06 1.385939999999999964e+04
7.188229999999999616e-06 1.397839999999999964e+04
8.319949999999999853e-06 1.407479999999999927e+04
9.629839999999999944e-06 1.415200000000000000e+04
1.114599999999999967e-05 1.421379999999999927e+04
1.290080000000000022e-05 1.426339999999999964e+04
1.493190000000000013e-05 1.430320000000000073e+04
1.728279999999999994e-05 1.433500000000000000e+04
2.000379999999999980e-05 1.435979999999999927e+04
2.315310000000000030e-05 1.437850000000000000e+04
2.679840000000000078e-05 1.439160000000000036e+04
3.101749999999999906e-05 1.439929999999999927e+04
3.590090000000000045e-05 1.440189999999999964e+04
4.155320000000000053e-05 1.439939999999999964e+04
4.809530000000000012e-05 1.439179999999999927e+04
5.566740000000000170e-05 1.437900000000000000e+04
6.443170000000000180e-05 1.436100000000000000e+04
7.457579999999999841e-05 1.433739999999999964e+04
8.631699999999999367e-05 1.430789999999999964e+04
9.990680000000000372e-05 1.427200000000000000e+04
1.156360000000000021e-04 1.422939999999999964e+04
1.338420000000000104e-04 1.417929999999999927e+04
1.549140000000000011e-04 1.412110000000000036e+04
1.793040000000000031e-04 1.405400000000000000e+04
2.075330000000000067e-04 1.397710000000000036e+04
2.402070000000000127e-04 1.388939999999999964e+04
2.780249999999999952e-04 1.379000000000000000e+04
3.217979999999999842e-04 1.367770000000000073e+04
3.724619999999999992e-04 1.355129999999999927e+04
4.311019999999999935e-04 1.340960000000000036e+04
4.989750000000000262e-04 1.325150000000000000e+04
5.775329999999999743e-04 1.307570000000000073e+04
6.684599999999999527e-04 1.288120000000000073e+04
7.737020000000000269e-04 1.266679999999999927e+04
8.955140000000000322e-04 1.243179999999999927e+04
1.036500000000000095e-03 1.217560000000000036e+04
1.199690000000000001e-03 1.189779999999999927e+04
1.388569999999999995e-03 1.159839999999999964e+04
1.607190000000000094e-03 1.127770000000000073e+04
1.860220000000000103e-03 1.093660000000000036e+04
2.153099999999999806e-03 1.057620000000000073e+04
2.492079999999999816e-03 1.019829999999999927e+04
2.884429999999999893e-03 9.804819999999999709e+03
3.338559999999999965e-03 9.398250000000000000e+03
3.864180000000000045e-03 8.981299999999999272e+03
4.472560000000000424e-03 8.556940000000000509e+03
5.176720000000000106e-03 8.128250000000000000e+03
5.991739999999999740e-03 7.698359999999999673e+03
6.935079999999999717e-03 7.270319999999999709e+03
8.026939999999999770e-03 6.847050000000000182e+03
9.290700000000000694e-03 6.431239999999999782e+03
1.075339999999999976e-02 6.025270000000000437e+03
1.244639999999999982e-02 5.631229999999999563e+03
1.440600000000000040e-02 5.250840000000000146e+03
1.667410000000000073e-02 4.885439999999999600e+03
1.929929999999999840e-02 4.536060000000000400e+03
2.233769999999999853e-02 4.203369999999999891e+03
2.585459999999999842e-02 3.887739999999999782e+03
2.992509999999999962e-02 3.589289999999999964e+03
3.463659999999999656e-02 3.307889999999999873e+03
4.008969999999999895e-02 3.043219999999999800e+03
4.640149999999999830e-02 2.794829999999999927e+03
5.370690000000000186e-02 2.562130000000000109e+03
6.216250000000000248e-02 2.344469999999999800e+03
7.194939999999999669e-02 2.141119999999999891e+03
8.327710000000000667e-02 1.951339999999999918e+03
9.638829999999999620e-02 1.774369999999999891e+03
1.115639999999999965e-01 1.609450000000000045e+03
1.291279999999999928e-01 1.455859999999999900e+03
1.494580000000000075e-01 1.312910000000000082e+03
1.729890000000000039e-01 1.179930000000000064e+03
2.002240000000000131e-01 1.056329999999999927e+03
2.317480000000000095e-01 9.415729999999999791e+02
2.682339999999999725e-01 8.351939999999999600e+02
3.104649999999999910e-01 7.368010000000000446e+02
3.593439999999999968e-01 6.460900000000000318e+02
4.159189999999999832e-01 5.628529999999999518e+02
4.814019999999999966e-01 4.869950000000000045e+02
5.571930000000000494e-01 4.185419999999999732e+02
6.449179999999999913e-01 3.576639999999999873e+02
7.464539999999999509e-01 3.047010000000000218e+02
8.639759999999999662e-01 2.601820000000000164e+02
1.000000000000000000e+00 2.221677149343402107e+02
