9.929750000000000174e-13 7.186450000000000000e+08
1.309090000000000029e-12 1.750580000000000000e+09
1.725840000000000046e-12 2.831400000000000000e+09
2.275260000000000142e-12 3.754960000000000000e+09
2.999580000000000028e-12 4.484770000000000000e+09
3.954499999999999760e-12 5.045440000000000000e+09
5.213409999999999694e-12 5.468690000000000000e+09
6.873099999999999865e-12 5.782610000000000000e+09
9.061150000000000422e-12 6.010300000000000000e+09
1.194580000000000025e-11 6.172190000000000000e+09
1.574869999999999973e-11 6.285410000000000000e+09
2.076230000000000090e-11 6.361830000000000000e+09
2.737189999999999972e-11 6.412010000000000000e+09
3.608580000000000038e-11 6.445020000000000000e+09
4.757370000000000034e-11 6.466100000000000000e+09
6.271879999999999646e-11 6.477670000000000000e+09
8.268530000000000190e-11 6.480750000000000000e+09
1.090080000000000024e-10 6.475670000000000000e+09
1.437109999999999962e-10 6.462270000000000000e+09
1.894609999999999933e-10 6.439890000000000000e+09
2.497760000000000068e-10 6.407390000000000000e+09
3.292920000000000247e-10 6.363140000000000000e+09
4.341220000000000132e-10 6.304950000000000000e+09
5.723249999999999856e-10 6.230150000000000000e+09
7.545240000000000303e-10 6.135590000000000000e+09
9.947270000000000124e-10 6.017760000000000000e+09
1.311400000000000042e-09 5.873030000000000000e+09
1.728879999999999928e-09 5.697990000000000000e+09
2.279270000000000133e-09 5.489940000000000000e+09
3.004870000000000192e-09 5.247470000000000000e+09
3.961469999999999970e-09 4.971030000000000000e+09
5.222609999999999608e-09 4.663400000000000000e+09
6.885219999999999929e-09 4.329810000000000000e+09
9.077129999999999238e-09 3.977670000000000000e+09
1.196679999999999966e-08 3.615890000000000000e+09
1.577649999999999903e-08 3.253920000000000000e+09
2.079890000000000104e-08 2.900740000000000000e+09
2.742020000000000091e-08 2.564000000000000000e+09
3.614950000000000219e-08 2.249490000000000000e+09
4.765760000000000053e-08 1.960990000000000000e+09
6.282939999999999481e-08 1.700330000000000000e+09
8.283110000000000113e-08 1.467800000000000000e+09
1.091999999999999984e-07 1.262440000000000000e+09
1.439640000000000045e-07 1.082560000000000000e+09
1.897950000000000131e-07 9.259920000000000000e+08
2.502169999999999965e-07 7.903750000000000000e+08
3.298730000000000052e-07 6.733590000000000000e+08
4.348879999999999963e-07 5.726930000000000000e+08
5.733339999999999642e-07 4.863050000000000000e+08
7.558549999999999612e-07 4.123190000000000000e+08
9.964810000000000144e-07 3.490690000000000000e+08
1.313710000000000082e-06 2.950870000000000000e+08
1.731930000000000077e-06 2.490890000000000000e+08
2.283289999999999953e-06 2.099560000000000000e+08
3.010170000000000014e-06 1.767160000000000000e+08
3.968459999999999948e-06 1.485260000000000000e+08
5.231820000000000165e-06 1.246580000000000000e+08
6.897369999999999829e-06 1.044800000000000000e+08
9.093140000000000492e-06 8.744950000000000000e+07
1.198789999999999918e-05 7.309790000000000000e+07
1.580430000000000046e-05 6.102250000000000000e+07
2.083560000000000089e-05 5.087760000000000000e+07
2.746859999999999989e-05 4.236720000000000000e+07
3.621320000000000084e-05 3.523820000000000000e+07
4.774169999999999727e-05 2.927470000000000000e+07
6.294020000000000430e-05 2.429290000000000000e+07
8.297720000000000237e-05 2.013660000000000000e+07
1.093930000000000011e-04 1.667360000000000000e+07
1.442179999999999938e-04 1.379160000000000000e+07
1.901299999999999974e-04 1.139600000000000000e+07
2.506580000000000114e-04 9.407150000000000000e+06
3.304550000000000065e-04 7.757730000000000000e+06
4.356550000000000158e-04 6.391330000000000000e+06
5.743459999999999928e-04 5.260570000000000000e+06
7.571880000000000017e-04 4.325780000000000000e+06
9.982389999999999406e-04 3.553770000000000000e+06
1.316029999999999934e-03 2.916800000000000000e+06
1.734990000000000056e-03 2.391740000000000000e+06
2.287319999999999805e-03 1.959320000000000000e+06
3.015480000000000070e-03 1.603500000000000000e+06
3.975460000000000105e-03 1.310970000000000000e+06
5.241049999999999702e-03 1.070650000000000000e+06
6.909539999999999606e-03 8.733730000000000000e+05
9.109179999999999708e-03 7.115470000000000000e+05
1.200909999999999998e-02 5.788860000000000000e+05
1.583220000000000113e-02 4.701980000000000000e+05
2.087239999999999929e-02 3.811950000000000000e+05
2.751709999999999920e-02 3.083450000000000000e+05
3.627709999999999962e-02 2.487350000000000000e+05
4.782589999999999758e-02 1.999710000000000000e+05
6.305130000000000456e-02 1.600880000000000000e+05
8.312360000000000582e-02 1.274710000000000000e+05
1.095860000000000029e-01 1.008040000000000000e+05
1.444729999999999903e-01 7.901130000000000291e+04
1.904649999999999954e-01 6.122340000000000146e+04
2.510999999999999899e-01 4.674240000000000146e+04
3.310379999999999989e-01 3.501759999999999854e+04
4.364239999999999786e-01 2.562790000000000146e+04
5.753589999999999538e-01 1.826950000000000000e+04
7.585239999999999760e-01 1.275129999999999927e+04
1.000000000000000000e+00 8.899834486529145579e+03
