2.978920000000000102e-06 2.395469999999999970e+02
3.383129999999999828e-06 3.886440000000000055e+02
3.842190000000000393e-06 5.542609999999999673e+02
4.363530000000000216e-06 7.242409999999999854e+02
4.955610000000000314e-06 8.892089999999999463e+02
5.628029999999999714e-06 1.043440000000000055e+03
6.391690000000000293e-06 1.184279999999999973e+03
7.258979999999999743e-06 1.311089999999999918e+03
8.243940000000000220e-06 1.424299999999999955e+03
9.362550000000000679e-06 1.524829999999999927e+03
1.063289999999999945e-05 1.613740000000000009e+03
1.207570000000000027e-05 1.692099999999999909e+03
1.371430000000000014e-05 1.760890000000000100e+03
1.557509999999999933e-05 1.821079999999999927e+03
1.768849999999999844e-05 1.873559999999999945e+03
2.008859999999999940e-05 1.919039999999999964e+03
2.281449999999999985e-05 1.958289999999999964e+03
2.591010000000000117e-05 1.992019999999999982e+03
2.942579999999999870e-05 2.020869999999999891e+03
3.341859999999999883e-05 2.045460000000000036e+03
3.795310000000000090e-05 2.066369999999999891e+03
4.310299999999999711e-05 2.084059999999999945e+03
4.895150000000000049e-05 2.098900000000000091e+03
5.559370000000000273e-05 2.111230000000000018e+03
6.313720000000000259e-05 2.121389999999999873e+03
7.170420000000000374e-05 2.129750000000000000e+03
8.143369999999999927e-05 2.136639999999999873e+03
9.248329999999999594e-05 2.142320000000000164e+03
1.050320000000000068e-04 2.147000000000000000e+03
1.192840000000000052e-04 2.150809999999999945e+03
1.354700000000000023e-04 2.153849999999999909e+03
1.538509999999999878e-04 2.156199999999999818e+03
1.747270000000000095e-04 2.157900000000000091e+03
1.984359999999999954e-04 2.158980000000000018e+03
2.253610000000000129e-04 2.159449999999999818e+03
2.559400000000000195e-04 2.159329999999999927e+03
2.906690000000000185e-04 2.158630000000000109e+03
3.301089999999999797e-04 2.157329999999999927e+03
3.749010000000000211e-04 2.155429999999999836e+03
4.257710000000000270e-04 2.152900000000000091e+03
4.835439999999999769e-04 2.149719999999999800e+03
5.491549999999999557e-04 2.145860000000000127e+03
6.236699999999999969e-04 2.141269999999999982e+03
7.082949999999999533e-04 2.135900000000000091e+03
8.044019999999999599e-04 2.129690000000000055e+03
9.135509999999999681e-04 2.122579999999999927e+03
1.037509999999999951e-03 2.114489999999999782e+03
1.178290000000000023e-03 2.105340000000000146e+03
1.338170000000000071e-03 2.095030000000000200e+03
1.519739999999999893e-03 2.083480000000000018e+03
1.725959999999999907e-03 2.070559999999999945e+03
1.960149999999999913e-03 2.056170000000000073e+03
2.226119999999999835e-03 2.040190000000000055e+03
2.528180000000000097e-03 2.022490000000000009e+03
2.871229999999999789e-03 2.002950000000000045e+03
3.260820000000000211e-03 1.981440000000000055e+03
3.703280000000000200e-03 1.957829999999999927e+03
4.205770000000000168e-03 1.932000000000000000e+03
4.776449999999999793e-03 1.903839999999999918e+03
5.424560000000000146e-03 1.873259999999999991e+03
6.160610000000000391e-03 1.840160000000000082e+03
6.996539999999999877e-03 1.804490000000000009e+03
7.945890000000000591e-03 1.766210000000000036e+03
9.024060000000000414e-03 1.725319999999999936e+03
1.024850000000000066e-02 1.681839999999999918e+03
1.163909999999999945e-02 1.635849999999999909e+03
1.321839999999999994e-02 1.587450000000000045e+03
1.501199999999999930e-02 1.536769999999999982e+03
1.704900000000000165e-02 1.484009999999999991e+03
1.936239999999999836e-02 1.429380000000000109e+03
2.198960000000000151e-02 1.373140000000000100e+03
2.497339999999999977e-02 1.315559999999999945e+03
2.836199999999999832e-02 1.256950000000000045e+03
3.221040000000000014e-02 1.197619999999999891e+03
3.658100000000000240e-02 1.137890000000000100e+03
4.154460000000000097e-02 1.078089999999999918e+03
4.718180000000000290e-02 1.018529999999999973e+03
5.358380000000000087e-02 9.595109999999999673e+02
6.085460000000000175e-02 9.013099999999999454e+02
6.911180000000000101e-02 8.441820000000000164e+02
7.848960000000000659e-02 7.883540000000000418e+02
8.913970000000000227e-02 7.340230000000000246e+02
1.012350000000000055e-01 6.813559999999999945e+02
1.149710000000000037e-01 6.304900000000000091e+02
1.305719999999999936e-01 5.815320000000000391e+02
1.482890000000000041e-01 5.345660000000000309e+02
1.684100000000000041e-01 4.896510000000000105e+02
1.912619999999999876e-01 4.468299999999999841e+02
2.172139999999999904e-01 4.061279999999999859e+02
2.466869999999999896e-01 3.675640000000000214e+02
2.801600000000000201e-01 3.311490000000000009e+02
3.181740000000000124e-01 2.968960000000000150e+02
3.613469999999999738e-01 2.648220000000000027e+02
4.103780000000000205e-01 2.349569999999999936e+02
4.660619999999999763e-01 2.073449999999999989e+02
5.293010000000000215e-01 1.820540000000000020e+02
6.011220000000000452e-01 1.591829999999999927e+02
6.826870000000000438e-01 1.388650000000000091e+02
7.753200000000000092e-01 1.212810000000000059e+02
8.805229999999999446e-01 1.066650000000000063e+02
1.000000000000000000e+00 9.381051759901501441e+01
