9.929750000000000622e-08 7.186449999999999818e+03
1.166730000000000019e-07 1.295460000000000036e+04
1.370879999999999898e-07 1.935840000000000146e+04
1.610760000000000058e-07 2.571800000000000000e+04
1.892609999999999899e-07 3.160959999999999854e+04
2.223780000000000078e-07 3.685600000000000000e+04
2.612899999999999793e-07 4.143150000000000000e+04
3.070099999999999943e-07 4.537740000000000146e+04
3.607310000000000026e-07 4.875690000000000146e+04
4.238519999999999760e-07 5.163500000000000000e+04
4.980169999999999787e-07 5.407030000000000291e+04
5.851610000000000079e-07 5.612059999999999854e+04
6.875520000000000411e-07 5.783219999999999709e+04
8.078599999999999826e-07 5.925109999999999854e+04
9.492199999999999725e-07 6.041869999999999709e+04
1.115309999999999999e-06 6.137369999999999709e+04
1.310470000000000008e-06 6.215109999999999854e+04
1.539779999999999935e-06 6.277890000000000146e+04
1.809210000000000039e-06 6.327809999999999854e+04
2.125790000000000191e-06 6.366990000000000146e+04
2.497760000000000206e-06 6.397640000000000146e+04
2.934819999999999965e-06 6.421680000000000291e+04
3.448350000000000196e-06 6.440540000000000146e+04
4.051749999999999789e-06 6.455180000000000291e+04
4.760719999999999712e-06 6.466219999999999709e+04
5.593760000000000294e-06 6.474030000000000291e+04
6.572560000000000139e-06 6.478840000000000146e+04
7.722619999999999255e-06 6.480800000000000000e+04
9.073930000000000044e-06 6.479980000000000291e+04
1.066169999999999992e-05 6.476390000000000146e+04
1.252729999999999947e-05 6.469969999999999709e+04
1.471929999999999983e-05 6.460640000000000146e+04
1.729489999999999936e-05 6.448230000000000291e+04
2.032120000000000120e-05 6.432530000000000291e+04
2.387699999999999857e-05 6.413269999999999709e+04
2.805500000000000159e-05 6.390109999999999854e+04
3.296399999999999813e-05 6.362659999999999854e+04
3.873210000000000140e-05 6.330469999999999709e+04
4.550950000000000194e-05 6.293030000000000291e+04
5.347270000000000050e-05 6.249759999999999854e+04
6.282940000000000530e-05 6.200030000000000291e+04
7.382329999999999502e-05 6.143180000000000291e+04
8.674100000000000180e-05 6.078490000000000146e+04
1.019189999999999978e-04 6.005240000000000146e+04
1.197530000000000035e-04 5.922709999999999854e+04
1.407070000000000065e-04 5.830200000000000000e+04
1.653279999999999865e-04 5.727059999999999854e+04
1.942570000000000071e-04 5.612769999999999709e+04
2.282479999999999871e-04 5.486919999999999709e+04
2.681870000000000261e-04 5.349280000000000291e+04
3.151149999999999806e-04 5.199869999999999709e+04
3.702539999999999824e-04 5.038919999999999709e+04
4.350409999999999976e-04 4.866959999999999854e+04
5.111649999999999484e-04 4.684830000000000291e+04
6.006089999999999953e-04 4.493619999999999709e+04
7.057030000000000160e-04 4.294709999999999854e+04
8.291880000000000171e-04 4.089680000000000291e+04
9.742789999999999871e-04 3.880290000000000146e+04
1.144760000000000092e-03 3.668419999999999709e+04
1.345070000000000076e-03 3.455940000000000146e+04
1.580430000000000073e-03 3.244729999999999927e+04
1.856970000000000105e-03 3.036529999999999927e+04
2.181910000000000013e-03 2.832940000000000146e+04
2.563699999999999920e-03 2.635359999999999854e+04
3.012299999999999874e-03 2.444940000000000146e+04
3.539389999999999897e-03 2.262620000000000073e+04
4.158710000000000358e-03 2.089100000000000000e+04
4.886409999999999886e-03 1.924840000000000146e+04
5.741429999999999624e-03 1.770100000000000000e+04
6.746069999999999844e-03 1.624950000000000000e+04
7.926499999999999518e-03 1.489310000000000036e+04
9.313480000000000716e-03 1.362979999999999927e+04
1.094320000000000015e-02 1.245660000000000036e+04
1.285799999999999964e-02 1.136970000000000073e+04
1.510790000000000050e-02 1.036479999999999927e+04
1.775149999999999992e-02 9.437520000000000437e+03
2.085760000000000045e-02 8.582959999999999127e+03
2.450729999999999922e-02 7.796380000000000109e+03
2.879560000000000106e-02 7.073060000000000400e+03
3.383429999999999771e-02 6.408430000000000291e+03
3.975460000000000105e-02 5.798079999999999927e+03
4.671089999999999964e-02 5.237810000000000400e+03
5.488439999999999985e-02 4.723680000000000291e+03
6.448810000000000653e-02 4.251989999999999782e+03
7.577219999999999789e-02 3.819320000000000164e+03
8.903089999999999615e-02 3.422469999999999800e+03
1.046099999999999947e-01 3.058519999999999982e+03
1.229139999999999955e-01 2.724780000000000200e+03
1.444219999999999948e-01 2.418840000000000146e+03
1.696930000000000105e-01 2.138500000000000000e+03
1.993860000000000077e-01 1.881799999999999955e+03
2.342740000000000100e-01 1.647029999999999973e+03
2.752680000000000127e-01 1.432710000000000036e+03
3.234339999999999993e-01 1.237640000000000100e+03
3.800290000000000057e-01 1.060869999999999891e+03
4.465259999999999785e-01 9.017160000000000082e+02
5.246589999999999865e-01 7.598469999999999800e+02
6.164650000000000407e-01 6.352659999999999627e+02
7.243340000000000334e-01 5.283890000000000100e+02
8.510780000000000012e-01 4.400980000000000132e+02
1.000000000000000000e+00 3.665598214002760642e+02
