9.929750000000000788e-10 7.186450000000000000e+05
1.221709999999999910e-09 1.475240000000000000e+06
1.503140000000000043e-09 2.302970000000000000e+06
1.849400000000000045e-09 3.080240000000000000e+06
2.275419999999999986e-09 3.754670000000000000e+06
2.799570000000000084e-09 4.319280000000000000e+06
3.444470000000000204e-09 4.784250000000000000e+06
4.237919999999999775e-09 5.163290000000000000e+06
5.214150000000000239e-09 5.469130000000000000e+06
6.415250000000000155e-09 5.713590000000000000e+06
7.893039999999999453e-09 5.906390000000000000e+06
9.711250000000000353e-09 6.056680000000000000e+06
1.194830000000000019e-08 6.172640000000000000e+06
1.470060000000000029e-08 6.261330000000000000e+06
1.808699999999999844e-08 6.327760000000000000e+06
2.225350000000000137e-08 6.376480000000000000e+06
2.737970000000000131e-08 6.412050000000000000e+06
3.368669999999999949e-08 6.438120000000000000e+06
4.144659999999999872e-08 6.457000000000000000e+06
5.099409999999999868e-08 6.470000000000000000e+06
6.274090000000000034e-08 6.477840000000000000e+06
7.719360000000000111e-08 6.480910000000000000e+06
9.497559999999999450e-08 6.479370000000000000e+06
1.168539999999999954e-07 6.473230000000000000e+06
1.437719999999999986e-07 6.462350000000000000e+06
1.768899999999999911e-07 6.446430000000000000e+06
2.176380000000000063e-07 6.425020000000000000e+06
2.677720000000000237e-07 6.397500000000000000e+06
3.294550000000000076e-07 6.363100000000000000e+06
4.053460000000000087e-07 6.320870000000000000e+06
4.987200000000000083e-07 6.269710000000000000e+06
6.136030000000000186e-07 6.208350000000000000e+06
7.549499999999999674e-07 6.135400000000000000e+06
9.288569999999999906e-07 6.049360000000000000e+06
1.142820000000000012e-06 5.948680000000000000e+06
1.406080000000000055e-06 5.831870000000000000e+06
1.729980000000000037e-06 5.697560000000000000e+06
2.128490000000000182e-06 5.544650000000000000e+06
2.618799999999999812e-06 5.372440000000000000e+06
3.222049999999999924e-06 5.180810000000000000e+06
3.964269999999999909e-06 4.970280000000000000e+06
4.877460000000000054e-06 4.742150000000000000e+06
6.001009999999999656e-06 4.498530000000000000e+06
7.383369999999999919e-06 4.242220000000000000e+06
9.084169999999999797e-06 3.976650000000000000e+06
1.117679999999999944e-05 3.705660000000000000e+06
1.375140000000000017e-05 3.433260000000000000e+06
1.691909999999999866e-05 3.163380000000000000e+06
2.081649999999999966e-05 2.899650000000000000e+06
2.561170000000000078e-05 2.645210000000000000e+06
3.151149999999999806e-05 2.402630000000000000e+06
3.877039999999999729e-05 2.173810000000000000e+06
4.770129999999999677e-05 1.960020000000000000e+06
5.868960000000000133e-05 1.761940000000000000e+06
7.220899999999999931e-05 1.579740000000000000e+06
8.884280000000000259e-05 1.413190000000000000e+06
1.093080000000000044e-04 1.261740000000000000e+06
1.344879999999999904e-04 1.124630000000000000e+06
1.654679999999999953e-04 1.000940000000000000e+06
2.035840000000000078e-04 8.897090000000000000e+05
2.504809999999999892e-04 7.899230000000000000e+05
3.081809999999999823e-04 7.005890000000000000e+05
3.791719999999999943e-04 6.207480000000000000e+05
4.665170000000000059e-04 5.494940000000000000e+05
5.739809999999999921e-04 4.859830000000000000e+05
7.062010000000000509e-04 4.294350000000000000e+05
8.688780000000000114e-04 3.791380000000000000e+05
1.069029999999999894e-03 3.344410000000000000e+05
1.315289999999999992e-03 2.947580000000000000e+05
1.618269999999999995e-03 2.595550000000000000e+05
1.991049999999999851e-03 2.283540000000000000e+05
2.449699999999999968e-03 2.007240000000000000e+05
3.014000000000000186e-03 1.762760000000000000e+05
3.708289999999999937e-03 1.546620000000000000e+05
4.562509999999999656e-03 1.355690000000000000e+05
5.613510000000000374e-03 1.187180000000000000e+05
6.906609999999999659e-03 1.038560000000000000e+05
8.497589999999999311e-03 9.075980000000000291e+04
1.045510000000000016e-02 7.922730000000000291e+04
1.286340000000000053e-02 6.907930000000000291e+04
1.582659999999999970e-02 6.015540000000000146e+04
1.947230000000000141e-02 5.231269999999999709e+04
2.395790000000000072e-02 4.542409999999999854e+04
2.947670000000000151e-02 3.937650000000000000e+04
3.626689999999999775e-02 3.406940000000000146e+04
4.462109999999999688e-02 2.941370000000000073e+04
5.489990000000000148e-02 2.533070000000000073e+04
6.754640000000000644e-02 2.175079999999999927e+04
8.310599999999999932e-02 1.861250000000000000e+04
1.022499999999999937e-01 1.586189999999999964e+04
1.258039999999999992e-01 1.345179999999999927e+04
1.547830000000000039e-01 1.134110000000000036e+04
1.904389999999999972e-01 9.494290000000000873e+03
2.343069999999999875e-01 7.880930000000000291e+03
2.882810000000000095e-01 6.475520000000000437e+03
3.546880000000000033e-01 5.257159999999999854e+03
4.363929999999999754e-01 4.209560000000000400e+03
5.369180000000000064e-01 3.321039999999999964e+03
6.605999999999999650e-01 2.584849999999999909e+03
8.127729999999999677e-01 1.999569999999999936e+03
1.000000000000000000e+00 1.546813086478126479e+03
