8.936770000000000356e-10 7.984950000000000000e+05
1.100699999999999932e-09 1.643780000000000000e+06
1.355680000000000017e-09 2.568120000000000000e+06
1.669729999999999982e-09 3.434990000000000000e+06
2.056519999999999843e-09 4.185990000000000000e+06
2.532919999999999976e-09 4.813780000000000000e+06
3.119680000000000129e-09 5.330070000000000000e+06
3.842360000000000367e-09 5.750370000000000000e+06
4.732450000000000134e-09 6.089020000000000000e+06
5.828740000000000285e-09 6.359270000000000000e+06
7.178980000000000370e-09 6.572070000000000000e+06
8.842010000000000572e-09 6.737630000000000000e+06
1.089029999999999992e-08 6.865170000000000000e+06
1.341300000000000073e-08 6.962510000000000000e+06
1.652019999999999926e-08 7.035250000000000000e+06
2.034720000000000104e-08 7.088450000000000000e+06
2.506060000000000009e-08 7.127210000000000000e+06
3.086599999999999991e-08 7.155540000000000000e+06
3.801619999999999865e-08 7.175970000000000000e+06
4.682269999999999879e-08 7.189910000000000000e+06
5.766930000000000144e-08 7.198120000000000000e+06
7.102850000000000634e-08 7.201010000000000000e+06
8.748250000000000267e-08 7.198740000000000000e+06
1.077480000000000064e-07 7.191290000000000000e+06
1.327079999999999996e-07 7.178500000000000000e+06
1.634499999999999978e-07 7.159990000000000000e+06
2.013139999999999986e-07 7.135250000000000000e+06
2.479490000000000188e-07 7.103540000000000000e+06
3.053869999999999803e-07 7.063970000000000000e+06
3.761300000000000203e-07 7.015450000000000000e+06
4.632619999999999829e-07 6.956700000000000000e+06
5.705780000000000155e-07 6.886280000000000000e+06
7.027530000000000460e-07 6.802580000000000000e+06
8.655479999999999629e-07 6.703920000000000000e+06
1.066049999999999941e-06 6.588540000000000000e+06
1.313010000000000029e-06 6.454770000000000000e+06
1.617169999999999968e-06 6.301110000000000000e+06
1.991789999999999864e-06 6.126390000000000000e+06
2.453200000000000077e-06 5.929930000000000000e+06
3.021480000000000080e-06 5.711720000000000000e+06
3.721420000000000192e-06 5.472520000000000000e+06
4.583490000000000394e-06 5.213980000000000000e+06
5.645270000000000416e-06 4.938630000000000000e+06
6.953010000000000028e-06 4.649820000000000000e+06
8.563700000000000695e-06 4.351530000000000000e+06
1.054750000000000023e-05 4.048160000000000000e+06
1.299089999999999958e-05 3.744220000000000000e+06
1.600019999999999971e-05 3.444110000000000000e+06
1.970669999999999887e-05 3.151790000000000000e+06
2.427180000000000028e-05 2.870680000000000000e+06
2.989439999999999960e-05 2.603470000000000000e+06
3.681960000000000235e-05 2.352130000000000000e+06
4.534890000000000215e-05 2.117920000000000000e+06
5.585409999999999773e-05 1.901440000000000000e+06
6.879280000000000312e-05 1.702760000000000000e+06
8.472890000000000120e-05 1.521500000000000000e+06
1.043570000000000039e-04 1.356960000000000000e+06
1.285310000000000066e-04 1.208250000000000000e+06
1.583049999999999963e-04 1.074290000000000000e+06
1.949769999999999867e-04 9.539780000000000000e+05
2.401439999999999966e-04 8.461790000000000000e+05
2.957740000000000044e-04 7.497790000000000000e+05
3.642909999999999855e-04 6.637160000000000000e+05
4.486800000000000207e-04 5.869860000000000000e+05
5.526179999999999461e-04 5.186610000000000000e+05
6.806330000000000409e-04 4.578860000000000000e+05
8.383040000000000023e-04 4.038790000000000000e+05
1.032499999999999998e-03 3.559310000000000000e+05
1.271680000000000076e-03 3.134010000000000000e+05
1.566270000000000032e-03 2.757100000000000000e+05
1.929099999999999999e-03 2.423360000000000000e+05
2.375980000000000193e-03 2.128090000000000000e+05
2.926380000000000127e-03 1.867090000000000000e+05
3.604280000000000071e-03 1.636580000000000000e+05
4.439219999999999798e-03 1.433160000000000000e+05
5.467579999999999663e-03 1.253800000000000000e+05
6.734160000000000319e-03 1.095780000000000000e+05
8.294140000000000193e-03 9.566769999999999709e+04
1.021550000000000062e-02 8.343110000000000582e+04
1.258199999999999943e-02 7.267480000000000291e+04
1.549659999999999926e-02 6.322590000000000146e+04
1.908639999999999989e-02 5.493069999999999709e+04
2.350779999999999884e-02 4.765230000000000291e+04
2.895350000000000007e-02 4.126930000000000291e+04
3.566060000000000063e-02 3.567390000000000146e+04
4.392150000000000221e-02 3.077059999999999854e+04
5.409599999999999825e-02 2.647509999999999854e+04
6.662750000000000616e-02 2.271279999999999927e+04
8.206189999999999318e-02 1.941820000000000073e+04
1.010719999999999952e-01 1.653370000000000073e+04
1.244849999999999984e-01 1.400900000000000000e+04
1.533229999999999871e-01 1.180029999999999927e+04
1.888400000000000079e-01 9.869590000000000146e+03
2.325859999999999872e-01 8.184699999999999818e+03
2.864650000000000252e-01 6.718409999999999854e+03
3.528249999999999997e-01 5.448470000000000255e+03
4.345570000000000266e-01 4.357510000000000218e+03
5.352240000000000331e-01 3.433050000000000182e+03
6.592099999999999627e-01 2.667789999999999964e+03
8.119169999999999998e-01 2.060039999999999964e+03
1.000000000000000000e+00 1.590739349924529051e+03
