2.234190000000000102e-04 3.192509999999999959e+00
2.430130000000000126e-04 4.471119999999999983e+00
2.643249999999999875e-04 5.872569999999999624e+00
2.875059999999999812e-04 7.345410000000000217e+00
3.127200000000000010e-04 8.843650000000000233e+00
3.401459999999999922e-04 1.032840000000000025e+01
3.699759999999999963e-04 1.177050000000000018e+01
4.024230000000000060e-04 1.314990000000000059e+01
4.377149999999999791e-04 1.445470000000000077e+01
4.761020000000000031e-04 1.567900000000000027e+01
5.178560000000000238e-04 1.682120000000000104e+01
5.632709999999999540e-04 1.788260000000000005e+01
6.126699999999999464e-04 1.886589999999999989e+01
6.664000000000000435e-04 1.977469999999999928e+01
7.248429999999999717e-04 2.061309999999999931e+01
7.884110000000000380e-04 2.138520000000000110e+01
8.575539999999999552e-04 2.209509999999999863e+01
9.327610000000000502e-04 2.274670000000000059e+01
1.014560000000000071e-03 2.334339999999999904e+01
1.103540000000000076e-03 2.388909999999999911e+01
1.200319999999999946e-03 2.438739999999999952e+01
1.305589999999999919e-03 2.484140000000000015e+01
1.420079999999999997e-03 2.525349999999999895e+01
1.544620000000000021e-03 2.562689999999999912e+01
1.680089999999999969e-03 2.596450000000000102e+01
1.827429999999999896e-03 2.626869999999999905e+01
1.987689999999999856e-03 2.654210000000000136e+01
2.162009999999999800e-03 2.678709999999999880e+01
2.351620000000000012e-03 2.700609999999999999e+01
2.557849999999999967e-03 2.720120000000000005e+01
2.782179999999999983e-03 2.737460000000000093e+01
3.026169999999999902e-03 2.752789999999999893e+01
3.291559999999999798e-03 2.766260000000000119e+01
3.580229999999999784e-03 2.777980000000000160e+01
3.894209999999999946e-03 2.788080000000000069e+01
4.235730000000000051e-03 2.796689999999999898e+01
4.607199999999999664e-03 2.803930000000000078e+01
5.011250000000000079e-03 2.809929999999999950e+01
5.450729999999999985e-03 2.814819999999999922e+01
5.928759999999999933e-03 2.818710000000000093e+01
6.448699999999999918e-03 2.821669999999999945e+01
7.014249999999999652e-03 2.823780000000000001e+01
7.629389999999999783e-03 2.825100000000000122e+01
8.298490000000000380e-03 2.825649999999999906e+01
9.026259999999999492e-03 2.825469999999999970e+01
9.817849999999999494e-03 2.824559999999999960e+01
1.067889999999999985e-02 2.822919999999999874e+01
1.161539999999999968e-02 2.820560000000000045e+01
1.263410000000000054e-02 2.817460000000000164e+01
1.374210000000000015e-02 2.813599999999999923e+01
1.494720000000000076e-02 2.808970000000000056e+01
1.625810000000000102e-02 2.803529999999999944e+01
1.768389999999999893e-02 2.797250000000000014e+01
1.923479999999999981e-02 2.790099999999999980e+01
2.092159999999999853e-02 2.782039999999999935e+01
2.275639999999999954e-02 2.773010000000000019e+01
2.475219999999999851e-02 2.762969999999999970e+01
2.692289999999999961e-02 2.751869999999999905e+01
2.928400000000000100e-02 2.739630000000000010e+01
3.185219999999999718e-02 2.726190000000000069e+01
3.464559999999999862e-02 2.711479999999999890e+01
3.768400000000000222e-02 2.695429999999999993e+01
4.098890000000000172e-02 2.677929999999999922e+01
4.458360000000000101e-02 2.658920000000000172e+01
4.849350000000000188e-02 2.638279999999999959e+01
5.274630000000000291e-02 2.615919999999999845e+01
5.737210000000000226e-02 2.591730000000000089e+01
6.240359999999999657e-02 2.565599999999999881e+01
6.787640000000000340e-02 2.537409999999999854e+01
7.382909999999999473e-02 2.507029999999999959e+01
8.030379999999999463e-02 2.474360000000000070e+01
8.734640000000000459e-02 2.439239999999999853e+01
9.500659999999999661e-02 2.401559999999999917e+01
1.033390000000000003e-01 2.361179999999999879e+01
1.124010000000000009e-01 2.317980000000000018e+01
1.222590000000000066e-01 2.271829999999999927e+01
1.329809999999999881e-01 2.222599999999999909e+01
1.446429999999999938e-01 2.170189999999999841e+01
1.573279999999999956e-01 2.114499999999999957e+01
1.711260000000000003e-01 2.055440000000000111e+01
1.861329999999999929e-01 1.992950000000000088e+01
2.024569999999999981e-01 1.927009999999999934e+01
2.202119999999999911e-01 1.857590000000000074e+01
2.395249999999999879e-01 1.784759999999999991e+01
2.605310000000000126e-01 1.708579999999999899e+01
2.833789999999999920e-01 1.629200000000000159e+01
3.082309999999999772e-01 1.546850000000000058e+01
3.352629999999999777e-01 1.461810000000000009e+01
3.646650000000000169e-01 1.374479999999999968e+01
3.966459999999999986e-01 1.285340000000000060e+01
4.314319999999999822e-01 1.195030000000000037e+01
4.692680000000000184e-01 1.104310000000000080e+01
5.104220000000000423e-01 1.014109999999999978e+01
5.551859999999999573e-01 9.255309999999999704e+00
6.038750000000000506e-01 8.399039999999999395e+00
6.568349999999999467e-01 7.587760000000000282e+00
7.144380000000000175e-01 6.839559999999999640e+00
7.770939999999999515e-01 6.175410000000000288e+00
8.452450000000000241e-01 5.619449999999999612e+00
9.193719999999999670e-01 5.199370000000000047e+00
1.000000000000000000e+00 4.810692271247683394e+00
