8.936769999999999363e-08 7.984939999999999600e+03
1.051159999999999997e-07 1.443910000000000036e+04
1.236390000000000128e-07 2.160359999999999854e+04
1.454269999999999959e-07 2.871100000000000000e+04
1.710539999999999910e-07 3.528590000000000146e+04
2.011969999999999983e-07 4.113159999999999854e+04
2.366519999999999938e-07 4.622190000000000146e+04
2.783540000000000055e-07 5.060569999999999709e+04
3.274059999999999871e-07 5.435519999999999709e+04
3.851010000000000018e-07 5.754400000000000000e+04
4.529629999999999778e-07 6.023819999999999709e+04
5.327839999999999882e-07 6.250319999999999709e+04
6.266699999999999860e-07 6.439100000000000000e+04
7.371010000000000304e-07 6.595310000000000582e+04
8.669930000000000397e-07 6.723630000000000291e+04
1.019769999999999979e-06 6.828400000000000000e+04
1.199479999999999991e-06 6.913530000000000291e+04
1.410850000000000011e-06 6.982139999999999418e+04
1.659469999999999970e-06 7.036539999999999418e+04
1.951890000000000043e-06 7.079130000000000291e+04
2.295860000000000072e-06 7.112380000000000291e+04
2.700429999999999995e-06 7.138389999999999418e+04
3.176299999999999980e-06 7.158750000000000000e+04
3.736020000000000019e-06 7.174480000000000291e+04
4.394380000000000099e-06 7.186230000000000291e+04
5.168750000000000276e-06 7.194419999999999709e+04
6.079579999999999651e-06 7.199269999999999709e+04
7.150920000000000137e-06 7.200939999999999418e+04
8.411049999999999709e-06 7.199480000000000291e+04
9.893239999999999828e-06 7.194900000000000000e+04
1.163659999999999968e-05 7.187139999999999418e+04
1.368720000000000001e-05 7.176060000000000582e+04
1.609909999999999973e-05 7.161469999999999709e+04
1.893609999999999985e-05 7.143130000000000291e+04
2.227299999999999834e-05 7.120710000000000582e+04
2.619799999999999888e-05 7.093810000000000582e+04
3.081450000000000118e-05 7.061980000000000291e+04
3.624460000000000192e-05 7.024680000000000291e+04
4.263160000000000023e-05 6.981330000000000291e+04
5.014420000000000010e-05 6.931260000000000582e+04
5.898050000000000222e-05 6.873739999999999418e+04
6.937400000000000359e-05 6.808010000000000582e+04
8.159900000000000259e-05 6.733250000000000000e+04
9.597830000000000228e-05 6.648639999999999418e+04
1.128910000000000005e-04 6.553369999999999709e+04
1.327850000000000102e-04 6.446659999999999854e+04
1.561839999999999941e-04 6.327819999999999709e+04
1.837069999999999946e-04 6.196290000000000146e+04
2.160800000000000047e-04 6.051659999999999854e+04
2.541570000000000266e-04 5.893759999999999854e+04
2.989439999999999893e-04 5.722669999999999709e+04
3.516239999999999795e-04 5.538769999999999709e+04
4.135869999999999824e-04 5.342780000000000291e+04
4.864690000000000073e-04 5.135719999999999709e+04
5.721940000000000446e-04 4.918969999999999709e+04
6.730249999999999471e-04 4.694150000000000000e+04
7.916250000000000109e-04 4.463150000000000000e+04
9.311239999999999708e-04 4.228000000000000000e+04
1.095210000000000107e-03 3.990840000000000146e+04
1.288199999999999979e-03 3.753800000000000000e+04
1.515209999999999908e-03 3.518950000000000000e+04
1.782219999999999941e-03 3.288200000000000000e+04
2.096279999999999845e-03 3.063279999999999927e+04
2.465680000000000042e-03 2.845659999999999854e+04
2.900180000000000032e-03 2.636550000000000000e+04
3.411249999999999786e-03 2.436890000000000146e+04
4.012370000000000346e-03 2.247350000000000000e+04
4.719430000000000153e-03 2.068370000000000073e+04
5.551079999999999903e-03 1.900129999999999927e+04
6.529290000000000094e-03 1.742640000000000146e+04
7.679880000000000040e-03 1.595760000000000036e+04
9.033219999999999791e-03 1.459189999999999964e+04
1.062500000000000076e-02 1.332550000000000000e+04
1.249740000000000052e-02 1.215400000000000000e+04
1.469969999999999957e-02 1.107229999999999927e+04
1.728999999999999981e-02 1.007520000000000073e+04
2.033679999999999863e-02 9.157309999999999491e+03
2.392060000000000020e-02 8.313260000000000218e+03
2.813579999999999900e-02 7.537789999999999964e+03
3.309390000000000248e-02 6.825829999999999927e+03
3.892570000000000058e-02 6.172520000000000437e+03
4.578510000000000219e-02 5.573279999999999745e+03
5.385329999999999978e-02 5.023789999999999964e+03
6.334330000000000516e-02 4.520010000000000218e+03
7.450560000000000516e-02 4.058199999999999818e+03
8.763490000000000169e-02 3.634920000000000073e+03
1.030780000000000030e-01 3.246969999999999800e+03
1.212420000000000025e-01 2.891469999999999800e+03
1.426070000000000115e-01 2.565769999999999982e+03
1.677369999999999972e-01 2.267500000000000000e+03
1.972959999999999992e-01 1.994539999999999964e+03
2.320629999999999915e-01 1.745019999999999982e+03
2.729570000000000052e-01 1.517359999999999900e+03
3.210569999999999813e-01 1.310220000000000027e+03
3.776340000000000252e-01 1.122549999999999955e+03
4.441800000000000193e-01 9.536259999999999764e+02
5.224529999999999452e-01 8.030380000000000109e+02
6.145190000000000374e-01 6.707640000000000100e+02
7.228090000000000348e-01 5.572119999999999891e+02
8.501819999999999933e-01 4.632869999999999777e+02
1.000000000000000000e+00 3.851944872851430546e+02
