9.929749999999999366e-12 7.186450000000000000e+07
1.279290000000000055e-11 1.658300000000000000e+08
1.648160000000000037e-11 2.659160000000000000e+08
2.123389999999999982e-11 3.542230000000000000e+08
2.735649999999999880e-11 4.261630000000000000e+08
3.524449999999999911e-11 4.830230000000000000e+08
4.540690000000000194e-11 5.272550000000000000e+08
5.849959999999999359e-11 5.611740000000000000e+08
7.536729999999999936e-11 5.867350000000000000e+08
9.709879999999999819e-11 6.056520000000000000e+08
1.250960000000000041e-10 6.194360000000000000e+08
1.611669999999999978e-10 6.293240000000000000e+08
2.076369999999999934e-10 6.361870000000000000e+08
2.675080000000000238e-10 6.408600000000000000e+08
3.446410000000000199e-10 6.440510000000000000e+08
4.440149999999999913e-10 6.461900000000000000e+08
5.720420000000000394e-10 6.474920000000000000e+08
7.369850000000000146e-10 6.480590000000000000e+08
9.494879999999999786e-10 6.479340000000000000e+08
1.223259999999999972e-09 6.471220000000000000e+08
1.575979999999999970e-09 6.455930000000000000e+08
2.030399999999999937e-09 6.432820000000000000e+08
2.615839999999999934e-09 6.400920000000000000e+08
3.370100000000000181e-09 6.358870000000000000e+08
4.341829999999999678e-09 6.304950000000000000e+08
5.593759999999999924e-09 6.237080000000000000e+08
7.206659999999999596e-09 6.152830000000000000e+08
9.284639999999999487e-09 6.049540000000000000e+08
1.196180000000000061e-08 5.924410000000000000e+08
1.541080000000000059e-08 5.774710000000000000e+08
1.985439999999999877e-08 5.598100000000000000e+08
2.557920000000000117e-08 5.392970000000000000e+08
3.295480000000000205e-08 5.158830000000000000e+08
4.245690000000000214e-08 4.896670000000000000e+08
5.469899999999999898e-08 4.609190000000000000e+08
7.047090000000000405e-08 4.300800000000000000e+08
9.079049999999999497e-08 3.977400000000000000e+08
1.169689999999999934e-07 3.645890000000000000e+08
1.506959999999999883e-07 3.313580000000000000e+08
1.941479999999999992e-07 2.987480000000000000e+08
2.501279999999999750e-07 2.673740000000000000e+08
3.222500000000000169e-07 2.377280000000000000e+08
4.151679999999999758e-07 2.101580000000000000e+08
5.348779999999999804e-07 1.848720000000000000e+08
6.891050000000000286e-07 1.619530000000000000e+08
8.878020000000000508e-07 1.413810000000000000e+08
1.143789999999999894e-06 1.230640000000000000e+08
1.473589999999999896e-06 1.068590000000000000e+08
1.898490000000000055e-06 9.259680000000000000e+07
2.445900000000000163e-06 8.009500000000000000e+07
3.151149999999999891e-06 6.917170000000000000e+07
4.059750000000000390e-06 5.965220000000000000e+07
5.230349999999999821e-06 5.137340000000000000e+07
6.738470000000000385e-06 4.418640000000000000e+07
8.681440000000000689e-06 3.795700000000000000e+07
1.118459999999999961e-05 3.256540000000000000e+07
1.440960000000000007e-05 2.790520000000000000e+07
1.856450000000000157e-05 2.388250000000000000e+07
2.391739999999999906e-05 2.041480000000000000e+07
3.081379999999999964e-05 1.742940000000000000e+07
3.969859999999999969e-05 1.486270000000000000e+07
5.114529999999999971e-05 1.265900000000000000e+07
6.589259999999999996e-05 1.076940000000000000e+07
8.489210000000000668e-05 9.151290000000000000e+06
1.093700000000000049e-04 7.767560000000000000e+06
1.409059999999999957e-04 6.585780000000000000e+06
1.815339999999999868e-04 5.577760000000000000e+06
2.338779999999999993e-04 4.719030000000000000e+06
3.013150000000000247e-04 3.988380000000000000e+06
3.881959999999999946e-04 3.367450000000000000e+06
5.001279999999999658e-04 2.840360000000000000e+06
6.443360000000000190e-04 2.393440000000000000e+06
8.301240000000000094e-04 2.014900000000000000e+06
1.069480000000000040e-03 1.694610000000000000e+06
1.377860000000000066e-03 1.423900000000000000e+06
1.775150000000000079e-03 1.195300000000000000e+06
2.286990000000000030e-03 1.002460000000000000e+06
2.946429999999999882e-03 8.399160000000000000e+05
3.795999999999999895e-03 7.030370000000000000e+05
4.890539999999999644e-03 5.878640000000000000e+05
6.300680000000000343e-03 4.910330000000000000e+05
8.117420000000000191e-03 4.096820000000000000e+05
1.045800000000000028e-02 3.413830000000000000e+05
1.347349999999999937e-02 2.840800000000000000e+05
1.735839999999999952e-02 2.360290000000000000e+05
2.236350000000000143e-02 1.957570000000000000e+05
2.881190000000000140e-02 1.620180000000000000e+05
3.711949999999999972e-02 1.337630000000000000e+05
4.782249999999999696e-02 1.101060000000000000e+05
6.161169999999999841e-02 9.030310000000000582e+04
7.937679999999999736e-02 7.372800000000000000e+04
1.022639999999999938e-01 5.985740000000000146e+04
1.317510000000000070e-01 4.825380000000000291e+04
1.697410000000000030e-01 3.855400000000000000e+04
2.186839999999999895e-01 3.045900000000000000e+04
2.817390000000000172e-01 2.372509999999999854e+04
3.629760000000000209e-01 1.815890000000000146e+04
4.676359999999999961e-01 1.361229999999999927e+04
6.024749999999999828e-01 9.980940000000000509e+03
7.761919999999999931e-01 7.203720000000000255e+03
1.000000000000000000e+00 5.199257113293661860e+03
