2.234190000000000068e-10 3.193980000000000000e+06
2.790160000000000010e-10 6.818870000000000000e+06
3.484480000000000048e-10 1.075530000000000000e+07
4.351580000000000083e-10 1.437980000000000000e+07
5.434449999999999778e-10 1.745950000000000000e+07
6.786799999999999766e-10 1.998890000000000000e+07
8.475659999999999660e-10 2.203410000000000000e+07
1.058480000000000051e-09 2.366900000000000000e+07
1.321879999999999989e-09 2.496270000000000000e+07
1.650820000000000096e-09 2.597140000000000000e+07
2.061620000000000166e-09 2.674730000000000000e+07
2.574649999999999996e-09 2.733670000000000000e+07
3.215340000000000190e-09 2.777990000000000000e+07
4.015460000000000111e-09 2.810670000000000000e+07
5.014690000000000185e-09 2.834130000000000000e+07
6.262569999999999809e-09 2.850860000000000000e+07
7.820989999999999480e-09 2.862830000000000000e+07
9.767199999999999938e-09 2.871260000000000000e+07
1.219769999999999976e-08 2.876780000000000000e+07
1.523310000000000026e-08 2.879750000000000000e+07
1.902380000000000125e-08 2.880320000000000000e+07
2.375779999999999917e-08 2.878560000000000000e+07
2.966979999999999943e-08 2.874410000000000000e+07
3.705300000000000098e-08 2.867770000000000000e+07
4.627340000000000194e-08 2.858410000000000000e+07
5.778840000000000281e-08 2.846020000000000000e+07
7.216880000000000498e-08 2.830200000000000000e+07
9.012769999999999515e-08 2.810450000000000000e+07
1.125560000000000055e-07 2.786170000000000000e+07
1.405649999999999885e-07 2.756670000000000000e+07
1.755429999999999990e-07 2.721180000000000000e+07
2.192270000000000082e-07 2.678890000000000000e+07
2.737800000000000071e-07 2.628940000000000000e+07
3.419089999999999946e-07 2.570530000000000000e+07
4.269919999999999896e-07 2.502950000000000000e+07
5.332469999999999574e-07 2.425690000000000000e+07
6.659429999999999698e-07 2.338510000000000000e+07
8.316609999999999983e-07 2.241520000000000000e+07
1.038620000000000019e-06 2.135280000000000000e+07
1.297070000000000060e-06 2.020810000000000000e+07
1.619839999999999978e-06 1.899560000000000000e+07
2.022930000000000129e-06 1.773360000000000000e+07
2.526329999999999832e-06 1.644290000000000000e+07
3.154999999999999863e-06 1.514540000000000000e+07
3.940099999999999766e-06 1.386260000000000000e+07
4.920580000000000244e-06 1.261410000000000000e+07
6.145049999999999720e-06 1.141640000000000000e+07
7.674219999999999853e-06 1.028260000000000000e+07
9.583910000000000538e-06 9.221790000000000000e+06
1.196879999999999965e-05 8.239670000000000000e+06
1.494719999999999980e-05 7.338500000000000000e+06
1.866679999999999888e-05 6.517910000000000000e+06
2.331189999999999952e-05 5.775480000000000000e+06
2.911300000000000061e-05 5.107350000000000000e+06
3.635759999999999898e-05 4.508710000000000000e+06
4.540509999999999663e-05 3.974250000000000000e+06
5.670389999999999762e-05 3.498480000000000000e+06
7.081449999999999767e-05 3.075960000000000000e+06
8.843629999999999894e-05 2.701460000000000000e+06
1.104429999999999995e-04 2.370060000000000000e+06
1.379270000000000094e-04 2.077220000000000000e+06
1.722489999999999969e-04 1.818780000000000000e+06
2.151130000000000121e-04 1.590940000000000000e+06
2.686419999999999802e-04 1.390310000000000000e+06
3.354930000000000217e-04 1.213820000000000000e+06
4.189789999999999877e-04 1.058710000000000000e+06
5.232400000000000115e-04 9.225410000000000000e+05
6.534460000000000181e-04 8.031160000000000000e+05
8.160539999999999764e-04 6.984830000000000000e+05
1.019120000000000095e-03 6.069020000000000000e+05
1.272729999999999912e-03 5.268270000000000000e+05
1.589439999999999907e-03 4.568820000000000000e+05
1.984969999999999964e-03 3.958460000000000000e+05
2.478919999999999908e-03 3.426370000000000000e+05
3.095790000000000174e-03 2.962950000000000000e+05
3.866159999999999996e-03 2.559710000000000000e+05
4.828240000000000136e-03 2.209160000000000000e+05
6.029729999999999639e-03 1.904660000000000000e+05
7.530199999999999914e-03 1.640400000000000000e+05
9.404060000000000544e-03 1.411220000000000000e+05
1.174419999999999978e-02 1.212620000000000000e+05
1.466669999999999953e-02 1.040620000000000000e+05
1.831649999999999945e-02 8.917680000000000291e+04
2.287439999999999959e-02 7.630050000000000000e+04
2.856670000000000043e-02 6.516759999999999854e+04
3.567530000000000007e-02 5.554569999999999709e+04
4.455300000000000232e-02 4.723240000000000146e+04
5.563980000000000314e-02 4.005150000000000000e+04
6.948550000000000559e-02 3.384990000000000146e+04
8.677669999999999828e-02 2.849490000000000146e+04
1.083709999999999951e-01 2.387190000000000146e+04
1.353380000000000138e-01 1.988209999999999854e+04
1.690170000000000006e-01 1.644109999999999854e+04
2.110760000000000136e-01 1.347710000000000036e+04
2.636009999999999742e-01 1.093029999999999927e+04
3.291970000000000174e-01 8.751180000000000291e+03
4.111159999999999815e-01 6.900840000000000146e+03
5.134210000000000163e-01 5.350279999999999745e+03
6.411839999999999762e-01 4.080750000000000000e+03
8.007389999999999786e-01 3.084389999999999873e+03
1.000000000000000000e+00 2.331297426849050225e+03
