1.787350000000000037e-10 3.992470000000000000e+06
2.237120000000000129e-10 8.572770000000000000e+06
2.800060000000000151e-10 1.354040000000000000e+07
3.504649999999999887e-10 1.810030000000000000e+07
4.386540000000000136e-10 2.196330000000000000e+07
5.490349999999999554e-10 2.512750000000000000e+07
6.871919999999999985e-10 2.767930000000000000e+07
8.601139999999999727e-10 2.971340000000000000e+07
1.076549999999999969e-09 3.131740000000000000e+07
1.347449999999999933e-09 3.256360000000000000e+07
1.686510000000000000e-09 3.351840000000000000e+07
2.110899999999999814e-09 3.424080000000000000e+07
2.642080000000000041e-09 3.478170000000000000e+07
3.306919999999999991e-09 3.517760000000000000e+07
4.139059999999999974e-09 3.546040000000000000e+07
5.180590000000000202e-09 3.566160000000000000e+07
6.484210000000000297e-09 3.580510000000000000e+07
8.115869999999999603e-09 3.590510000000000000e+07
1.015809999999999949e-08 3.596900000000000000e+07
1.271419999999999979e-08 3.600080000000000000e+07
1.591360000000000096e-08 3.600220000000000000e+07
1.991800000000000008e-08 3.597370000000000000e+07
2.493010000000000100e-08 3.591470000000000000e+07
3.120340000000000001e-08 3.582330000000000000e+07
3.905529999999999768e-08 3.569650000000000000e+07
4.888300000000000170e-08 3.552990000000000000e+07
6.118369999999999749e-08 3.531810000000000000e+07
7.657969999999999850e-08 3.505420000000000000e+07
9.584989999999999592e-08 3.473040000000000000e+07
1.199690000000000071e-07 3.433730000000000000e+07
1.501579999999999871e-07 3.386490000000000000e+07
1.879430000000000042e-07 3.330240000000000000e+07
2.352360000000000029e-07 3.263910000000000000e+07
2.944289999999999956e-07 3.186480000000000000e+07
3.685180000000000180e-07 3.097100000000000000e+07
4.612510000000000054e-07 2.995230000000000000e+07
5.773180000000000348e-07 2.880700000000000000e+07
7.225910000000000414e-07 2.753850000000000000e+07
9.044210000000000225e-07 2.615630000000000000e+07
1.132009999999999983e-06 2.467550000000000000e+07
1.416860000000000102e-06 2.311690000000000000e+07
1.773389999999999973e-06 2.150560000000000000e+07
2.219640000000000148e-06 1.986910000000000000e+07
2.778179999999999801e-06 1.823570000000000000e+07
3.477270000000000167e-06 1.663220000000000000e+07
4.352270000000000260e-06 1.508220000000000000e+07
5.447459999999999679e-06 1.360510000000000000e+07
6.818229999999999770e-06 1.221550000000000000e+07
8.533940000000000831e-06 1.092310000000000000e+07
1.068140000000000077e-05 9.732750000000000000e+06
1.336920000000000068e-05 8.645820000000000000e+06
1.673340000000000144e-05 7.660400000000000000e+06
2.094410000000000163e-05 6.772300000000000000e+06
2.621430000000000074e-05 5.975870000000000000e+06
3.281080000000000102e-05 5.264500000000000000e+06
4.106719999999999875e-05 4.631170000000000000e+06
5.140109999999999818e-05 4.068830000000000000e+06
6.433549999999999415e-05 3.570590000000000000e+06
8.052460000000000488e-05 3.129940000000000000e+06
1.007869999999999957e-04 2.740820000000000000e+06
1.261489999999999877e-04 2.397650000000000000e+06
1.578929999999999874e-04 2.095360000000000000e+06
1.976240000000000039e-04 1.829390000000000000e+06
2.473530000000000151e-04 1.595620000000000000e+06
3.095959999999999815e-04 1.390370000000000000e+06
3.875020000000000179e-04 1.210340000000000000e+06
4.850109999999999816e-04 1.052590000000000000e+06
6.070570000000000393e-04 9.145210000000000000e+05
7.598140000000000406e-04 7.937920000000000000e+05
9.510109999999999788e-04 6.883360000000000000e+05
1.190319999999999920e-03 5.963180000000000000e+05
1.489850000000000028e-03 5.161060000000000000e+05
1.864739999999999931e-03 4.462580000000000000e+05
2.333979999999999822e-03 3.854930000000000000e+05
2.921289999999999998e-03 3.326820000000000000e+05
3.656389999999999814e-03 2.868270000000000000e+05
4.576470000000000017e-03 2.470480000000000000e+05
5.728070000000000037e-03 2.125700000000000000e+05
7.169459999999999895e-03 1.827100000000000000e+05
8.973550000000000276e-03 1.568710000000000000e+05
1.123159999999999957e-02 1.345270000000000000e+05
1.405789999999999991e-02 1.152190000000000000e+05
1.759540000000000062e-02 9.854460000000000582e+04
2.202300000000000091e-02 8.415219999999999709e+04
2.756470000000000101e-02 7.173560000000000582e+04
3.450099999999999695e-02 6.102780000000000291e+04
4.318269999999999748e-02 5.179659999999999854e+04
5.404899999999999982e-02 4.384050000000000000e+04
6.764960000000000417e-02 3.698440000000000146e+04
8.467270000000000352e-02 3.107740000000000146e+04
1.059790000000000038e-01 2.598900000000000000e+04
1.326469999999999871e-01 2.160709999999999854e+04
1.660260000000000069e-01 1.783600000000000000e+04
2.078039999999999887e-01 1.459470000000000073e+04
2.600950000000000206e-01 1.181500000000000000e+04
3.255449999999999733e-01 9.441399999999999636e+03
4.074630000000000196e-01 7.429609999999999673e+03
5.099949999999999761e-01 5.746680000000000291e+03
6.383280000000000065e-01 4.371050000000000182e+03
7.989549999999999708e-01 3.293239999999999782e+03
1.000000000000000000e+00 2.481200878987697251e+03
