1.489460000000000024e-08 4.790969999999999709e+04
1.783610000000000048e-08 9.126619999999999709e+04
2.135840000000000019e-08 1.391940000000000000e+05
2.557639999999999866e-08 1.857600000000000000e+05
3.062730000000000321e-08 2.277490000000000000e+05
3.667570000000000064e-08 2.641760000000000000e+05
4.391849999999999718e-08 2.951880000000000000e+05
5.259170000000000234e-08 3.213250000000000000e+05
6.297779999999999898e-08 3.431910000000000000e+05
7.541489999999999855e-08 3.613430000000000000e+05
9.030809999999999589e-08 3.763090000000000000e+05
1.081420000000000031e-07 3.885240000000000000e+05
1.294989999999999872e-07 3.984050000000000000e+05
1.550730000000000016e-07 4.063270000000000000e+05
1.856969999999999985e-07 4.126370000000000000e+05
2.223689999999999976e-07 4.176260000000000000e+05
2.662839999999999775e-07 4.215040000000000000e+05
3.188710000000000235e-07 4.244670000000000000e+05
3.818419999999999857e-07 4.267200000000000000e+05
4.572499999999999949e-07 4.284380000000000000e+05
5.475499999999999499e-07 4.297460000000000000e+05
6.556819999999999549e-07 4.307230000000000000e+05
7.851690000000000079e-07 4.314160000000000000e+05
9.402270000000000190e-07 4.318530000000000000e+05
1.125909999999999949e-06 4.320500000000000000e+05
1.348260000000000031e-06 4.320140000000000000e+05
1.614510000000000022e-06 4.317470000000000000e+05
1.933349999999999878e-06 4.312450000000000000e+05
2.315160000000000040e-06 4.304980000000000000e+05
2.772369999999999936e-06 4.294910000000000000e+05
3.319870000000000200e-06 4.282010000000000000e+05
3.975489999999999608e-06 4.266010000000000000e+05
4.760580000000000082e-06 4.246560000000000000e+05
5.700720000000000029e-06 4.223260000000000000e+05
6.826520000000000329e-06 4.195640000000000000e+05
8.174649999999999736e-06 4.163170000000000000e+05
9.789009999999999641e-06 4.125280000000000000e+05
1.172219999999999934e-05 4.081320000000000000e+05
1.403709999999999982e-05 4.030640000000000000e+05
1.680920000000000163e-05 3.972560000000000000e+05
2.012879999999999945e-05 3.906420000000000000e+05
2.410390000000000143e-05 3.831600000000000000e+05
2.886400000000000012e-05 3.747580000000000000e+05
3.456419999999999680e-05 3.653970000000000000e+05
4.139010000000000204e-05 3.550570000000000000e+05
4.956400000000000183e-05 3.437400000000000000e+05
5.935209999999999710e-05 3.314770000000000000e+05
7.107320000000000250e-05 3.183250000000000000e+05
8.510900000000000117e-05 3.043730000000000000e+05
1.019169999999999934e-04 2.897410000000000000e+05
1.220439999999999991e-04 2.745680000000000000e+05
1.461450000000000043e-04 2.590170000000000000e+05
1.750060000000000114e-04 2.432610000000000000e+05
2.095669999999999944e-04 2.274740000000000000e+05
2.509540000000000100e-04 2.118290000000000000e+05
3.005129999999999737e-04 1.964850000000000000e+05
3.598599999999999867e-04 1.815830000000000000e+05
4.309259999999999870e-04 1.672400000000000000e+05
5.160269999999999571e-04 1.535520000000000000e+05
6.179339999999999963e-04 1.405880000000000000e+05
7.399659999999999961e-04 1.283950000000000000e+05
8.860979999999999855e-04 1.169960000000000000e+05
1.061089999999999993e-03 1.063970000000000000e+05
1.270639999999999964e-03 9.658830000000000291e+04
1.521570000000000084e-03 8.754719999999999709e+04
1.822049999999999972e-03 7.924269999999999709e+04
2.181880000000000191e-03 7.163730000000000291e+04
2.612759999999999996e-03 6.468950000000000000e+04
3.128740000000000080e-03 5.835590000000000146e+04
3.746619999999999985e-03 5.259219999999999709e+04
4.486509999999999977e-03 4.735480000000000291e+04
5.372530000000000361e-03 4.260169999999999709e+04
6.433509999999999923e-03 3.829240000000000146e+04
7.704029999999999732e-03 3.438909999999999854e+04
9.225449999999999623e-03 3.085609999999999854e+04
1.104729999999999948e-02 2.766050000000000000e+04
1.322899999999999944e-02 2.477170000000000073e+04
1.584150000000000141e-02 2.216159999999999854e+04
1.897000000000000075e-02 1.980440000000000146e+04
2.271619999999999889e-02 1.767659999999999854e+04
2.720229999999999870e-02 1.575650000000000000e+04
3.257430000000000048e-02 1.402439999999999964e+04
3.900719999999999882e-02 1.246239999999999964e+04
4.671059999999999796e-02 1.105420000000000073e+04
5.593510000000000149e-02 9.784840000000000146e+03
6.698139999999999650e-02 8.640909999999999854e+03
8.020919999999999439e-02 7.610170000000000073e+03
9.604920000000000124e-02 6.681600000000000364e+03
1.150169999999999942e-01 5.845260000000000218e+03
1.377309999999999923e-01 5.092229999999999563e+03
1.649309999999999943e-01 4.414579999999999927e+03
1.975030000000000119e-01 3.805300000000000182e+03
2.365059999999999940e-01 3.258300000000000182e+03
2.832120000000000193e-01 2.768360000000000127e+03
3.391419999999999990e-01 2.331150000000000091e+03
4.061170000000000058e-01 1.943289999999999964e+03
4.863190000000000013e-01 1.602359999999999900e+03
5.823589999999999600e-01 1.306990000000000009e+03
6.973660000000000414e-01 1.056990000000000009e+03
8.350840000000000485e-01 8.535249999999999773e+02
1.000000000000000000e+00 6.892251034159138499e+02
