8.936770000000000097e-11 7.984950000000000000e+06
1.126339999999999985e-10 1.745150000000000000e+07
1.419569999999999938e-10 2.767810000000000000e+07
1.789139999999999883e-10 3.697760000000000000e+07
2.254929999999999884e-10 4.478110000000000000e+07
2.841979999999999940e-10 5.111810000000000000e+07
3.581870000000000060e-10 5.618530000000000000e+07
4.514379999999999769e-10 6.018810000000000000e+07
5.689660000000000182e-10 6.331170000000000000e+07
7.170909999999999590e-10 6.571130000000000000e+07
9.037799999999999541e-10 6.752760000000000000e+07
1.139070000000000079e-09 6.888560000000000000e+07
1.435620000000000053e-09 6.988760000000000000e+07
1.809369999999999926e-09 7.060590000000000000e+07
2.280419999999999866e-09 7.111160000000000000e+07
2.874110000000000118e-09 7.146860000000000000e+07
3.622359999999999886e-09 7.171890000000000000e+07
4.565409999999999851e-09 7.188580000000000000e+07
5.753980000000000018e-09 7.198110000000000000e+07
7.251979999999999601e-09 7.201060000000000000e+07
9.139969999999999820e-09 7.197650000000000000e+07
1.151949999999999936e-08 7.187830000000000000e+07
1.451850000000000027e-08 7.171280000000000000e+07
1.829820000000000036e-08 7.147440000000000000e+07
2.306200000000000163e-08 7.115440000000000000e+07
2.906600000000000034e-08 7.074150000000000000e+07
3.663309999999999998e-08 7.022160000000000000e+07
4.617020000000000006e-08 6.957760000000000000e+07
5.819019999999999785e-08 6.879000000000000000e+07
7.333959999999999849e-08 6.783670000000000000e+07
9.243289999999999914e-08 6.669440000000000000e+07
1.164970000000000009e-07 6.533930000000000000e+07
1.468259999999999940e-07 6.374930000000000000e+07
1.850510000000000071e-07 6.190560000000000000e+07
2.332270000000000012e-07 5.979620000000000000e+07
2.939460000000000038e-07 5.741790000000000000e+07
3.704720000000000102e-07 5.477910000000000000e+07
4.669220000000000037e-07 5.190150000000000000e+07
5.884809999999999608e-07 4.882010000000000000e+07
7.416859999999999619e-07 4.558200000000000000e+07
9.347779999999999548e-07 4.224360000000000000e+07
1.178140000000000040e-06 3.886590000000000000e+07
1.484859999999999917e-06 3.551030000000000000e+07
1.871429999999999970e-06 3.223400000000000000e+07
2.358640000000000003e-06 2.908600000000000000e+07
2.972690000000000078e-06 2.610520000000000000e+07
3.746599999999999840e-06 2.331950000000000000e+07
4.721999999999999852e-06 2.074580000000000000e+07
5.951329999999999651e-06 1.839130000000000000e+07
7.500709999999999883e-06 1.625530000000000000e+07
9.453450000000000096e-06 1.433100000000000000e+07
1.191459999999999939e-05 1.260730000000000000e+07
1.501640000000000077e-05 1.107050000000000000e+07
1.892580000000000098e-05 9.705480000000000000e+06
2.385300000000000015e-05 8.496780000000000000e+06
3.006289999999999977e-05 7.429130000000000000e+06
3.788959999999999719e-05 6.487950000000000000e+06
4.775379999999999670e-05 5.659690000000000000e+06
6.018610000000000301e-05 4.931840000000000000e+06
7.585499999999999795e-05 4.293060000000000000e+06
9.560319999999999973e-05 3.733140000000000000e+06
1.204929999999999998e-04 3.242880000000000000e+06
1.518620000000000039e-04 2.814100000000000000e+06
1.913980000000000130e-04 2.439510000000000000e+06
2.412269999999999996e-04 2.112620000000000000e+06
3.040280000000000239e-04 1.827670000000000000e+06
3.831789999999999849e-04 1.579550000000000000e+06
4.829359999999999990e-04 1.363740000000000000e+06
6.086639999999999716e-04 1.176250000000000000e+06
7.671250000000000117e-04 1.013540000000000000e+06
9.668390000000000447e-04 8.724810000000000000e+05
1.218550000000000102e-03 7.503290000000000000e+05
1.535789999999999985e-03 6.446590000000000000e+05
1.935609999999999935e-03 5.533400000000000000e+05
2.439530000000000084e-03 4.745020000000000000e+05
3.074649999999999953e-03 4.065050000000000000e+05
3.875099999999999812e-03 3.479110000000000000e+05
4.883949999999999750e-03 2.974650000000000000e+05
6.155449999999999811e-03 2.540710000000000000e+05
7.757970000000000317e-03 2.167720000000000000e+05
9.777690000000000339e-03 1.847370000000000000e+05
1.232319999999999943e-02 1.572410000000000000e+05
1.553150000000000017e-02 1.336560000000000000e+05
1.957499999999999865e-02 1.134370000000000000e+05
2.467110000000000136e-02 9.611319999999999709e+04
3.109400000000000011e-02 8.127560000000000582e+04
3.918909999999999755e-02 6.857200000000000000e+04
4.939160000000000078e-02 5.769819999999999709e+04
6.225030000000000147e-02 4.839259999999999854e+04
7.845670000000000421e-02 4.043030000000000291e+04
9.888220000000000343e-02 3.361840000000000146e+04
1.246249999999999997e-01 2.779240000000000146e+04
1.570699999999999874e-01 2.281229999999999927e+04
1.979619999999999991e-01 1.855990000000000146e+04
2.494999999999999996e-01 1.493660000000000036e+04
3.144549999999999845e-01 1.186170000000000073e+04
3.963209999999999789e-01 9.270930000000000291e+03
4.994999999999999996e-01 7.115829999999999927e+03
6.295399999999999885e-01 5.363920000000000073e+03
7.934360000000000301e-01 3.999260000000000218e+03
1.000000000000000000e+00 2.981793662929138463e+03
