4.468389999999999581e-06 1.596990000000000123e+02
5.054160000000000412e-06 2.557119999999999891e+02
5.716730000000000237e-06 3.623059999999999832e+02
6.466159999999999768e-06 4.720659999999999741e+02
7.313829999999999735e-06 5.791449999999999818e+02
8.272620000000000765e-06 6.798400000000000318e+02
9.357109999999999592e-06 7.723210000000000264e+02
1.058380000000000021e-05 8.560349999999999682e+02
1.197119999999999983e-05 9.311539999999999964e+02
1.354060000000000043e-05 9.981849999999999454e+02
1.531569999999999975e-05 1.057759999999999991e+03
1.732340000000000087e-05 1.110539999999999964e+03
1.959439999999999996e-05 1.157140000000000100e+03
2.216310000000000131e-05 1.198109999999999900e+03
2.506859999999999915e-05 1.234059999999999945e+03
2.835489999999999850e-05 1.265430000000000064e+03
3.207200000000000057e-05 1.292700000000000045e+03
3.627649999999999733e-05 1.316289999999999964e+03
4.103210000000000310e-05 1.336619999999999891e+03
4.641110000000000022e-05 1.354069999999999936e+03
5.249529999999999865e-05 1.369009999999999991e+03
5.937709999999999771e-05 1.381759999999999991e+03
6.716109999999999637e-05 1.392589999999999918e+03
7.596539999999999608e-05 1.401700000000000045e+03
8.592399999999999929e-05 1.409299999999999955e+03
9.718809999999999873e-05 1.415599999999999909e+03
1.099289999999999973e-04 1.420819999999999936e+03
1.243399999999999920e-04 1.425150000000000091e+03
1.406400000000000087e-04 1.428750000000000000e+03
1.590770000000000085e-04 1.431730000000000018e+03
1.799310000000000091e-04 1.434180000000000064e+03
2.035189999999999872e-04 1.436160000000000082e+03
2.301989999999999961e-04 1.437710000000000036e+03
2.603759999999999885e-04 1.438849999999999909e+03
2.945099999999999975e-04 1.439609999999999900e+03
3.331179999999999775e-04 1.439990000000000009e+03
3.767880000000000252e-04 1.440019999999999982e+03
4.261819999999999931e-04 1.439680000000000064e+03
4.820520000000000122e-04 1.438970000000000027e+03
5.452449999999999745e-04 1.437900000000000091e+03
6.167230000000000108e-04 1.436450000000000045e+03
6.975720000000000358e-04 1.434609999999999900e+03
7.890189999999999617e-04 1.432349999999999909e+03
8.924539999999999904e-04 1.429660000000000082e+03
1.009450000000000061e-03 1.426500000000000000e+03
1.141780000000000008e-03 1.422859999999999900e+03
1.291459999999999917e-03 1.418680000000000064e+03
1.460759999999999966e-03 1.413920000000000073e+03
1.652260000000000013e-03 1.408549999999999955e+03
1.868859999999999966e-03 1.402509999999999991e+03
2.113859999999999958e-03 1.395740000000000009e+03
2.390970000000000074e-03 1.388190000000000055e+03
2.704409999999999974e-03 1.379779999999999973e+03
3.058940000000000010e-03 1.370460000000000036e+03
3.459949999999999831e-03 1.360140000000000100e+03
3.913520000000000193e-03 1.348759999999999991e+03
4.426560000000000390e-03 1.336240000000000009e+03
5.006850000000000189e-03 1.322500000000000000e+03
5.663220000000000059e-03 1.307480000000000018e+03
6.405629999999999831e-03 1.291089999999999918e+03
7.245370000000000109e-03 1.273279999999999973e+03
8.195189999999999766e-03 1.253980000000000018e+03
9.269519999999999843e-03 1.233150000000000091e+03
1.048469999999999958e-02 1.210740000000000009e+03
1.185920000000000030e-02 1.186740000000000009e+03
1.341380000000000003e-02 1.161130000000000109e+03
1.517229999999999968e-02 1.133940000000000055e+03
1.716130000000000086e-02 1.105180000000000064e+03
1.941100000000000117e-02 1.074920000000000073e+03
2.195570000000000160e-02 1.043220000000000027e+03
2.483389999999999903e-02 1.010190000000000055e+03
2.808949999999999989e-02 9.759479999999999791e+02
3.177180000000000282e-02 9.406230000000000473e+02
3.593690000000000079e-02 9.043690000000000282e+02
4.064799999999999663e-02 8.673519999999999754e+02
4.597670000000000229e-02 8.297459999999999809e+02
5.200389999999999874e-02 7.917329999999999472e+02
5.882129999999999997e-02 7.534930000000000518e+02
6.653240000000000542e-02 7.152069999999999936e+02
7.525439999999999907e-02 6.770499999999999545e+02
8.511970000000000647e-02 6.391849999999999454e+02
9.627840000000000009e-02 6.017670000000000528e+02
1.088999999999999968e-01 5.649370000000000118e+02
1.231759999999999938e-01 5.288200000000000500e+02
1.393230000000000024e-01 4.935280000000000200e+02
1.575880000000000059e-01 4.591580000000000155e+02
1.782469999999999888e-01 4.257939999999999827e+02
2.016129999999999867e-01 3.935079999999999814e+02
2.280439999999999967e-01 3.623609999999999900e+02
2.579389999999999739e-01 3.324080000000000155e+02
2.917529999999999846e-01 3.036970000000000027e+02
3.300000000000000155e-01 2.762760000000000105e+02
3.732610000000000094e-01 2.501959999999999980e+02
4.221929999999999850e-01 2.255130000000000052e+02
4.775389999999999913e-01 2.022920000000000016e+02
5.401409999999999823e-01 1.806160000000000139e+02
6.109510000000000218e-01 1.605850000000000080e+02
6.910420000000000451e-01 1.423269999999999982e+02
7.816330000000000222e-01 1.259989999999999952e+02
8.840999999999999970e-01 1.118010000000000019e+02
1.000000000000000000e+00 9.920285599242055241e+01
