1.276679999999999947e-05 5.589320000000000022e+01
1.428969999999999974e-05 8.644840000000000657e+01
1.599409999999999989e-05 1.202999999999999972e+02
1.790189999999999880e-05 1.554170000000000016e+02
2.003729999999999872e-05 1.901189999999999998e+02
2.242740000000000147e-05 2.232439999999999998e+02
2.510249999999999895e-05 2.541289999999999907e+02
2.809679999999999838e-05 2.824889999999999759e+02
3.144820000000000157e-05 3.082810000000000059e+02
3.519940000000000048e-05 3.315939999999999941e+02
3.939799999999999786e-05 3.525799999999999841e+02
4.409750000000000258e-05 3.714100000000000250e+02
4.935750000000000304e-05 3.882599999999999909e+02
5.524489999999999685e-05 4.032980000000000018e+02
6.183449999999999895e-05 4.166619999999999777e+02
6.921019999999999679e-05 4.285330000000000155e+02
7.746569999999999932e-05 4.390249999999999773e+02
8.670589999999999938e-05 4.482620000000000005e+02
9.704830000000000390e-05 4.563679999999999950e+02
1.086239999999999954e-04 4.634540000000000077e+02
1.215810000000000003e-04 4.696259999999999764e+02
1.360830000000000047e-04 4.749870000000000232e+02
1.523159999999999965e-04 4.796309999999999718e+02
1.704839999999999893e-04 4.836440000000000055e+02
1.908199999999999924e-04 4.870969999999999800e+02
2.135809999999999868e-04 4.900409999999999968e+02
2.390570000000000119e-04 4.925319999999999823e+02
2.675719999999999921e-04 4.946259999999999764e+02
2.994879999999999895e-04 4.963829999999999814e+02
3.352110000000000267e-04 4.978559999999999945e+02
3.751960000000000039e-04 4.990910000000000082e+02
4.199499999999999891e-04 5.001250000000000000e+02
4.700419999999999967e-04 5.009850000000000136e+02
5.261089999999999734e-04 5.016899999999999977e+02
5.888630000000000166e-04 5.022540000000000191e+02
6.591039999999999833e-04 5.026870000000000118e+02
7.377220000000000088e-04 5.029959999999999809e+02
8.257190000000000406e-04 5.031850000000000023e+02
9.242109999999999779e-04 5.032570000000000050e+02
1.034449999999999910e-03 5.032130000000000223e+02
1.157840000000000041e-03 5.030539999999999736e+02
1.295949999999999923e-03 5.027789999999999964e+02
1.450530000000000005e-03 5.023849999999999909e+02
1.623560000000000021e-03 5.018690000000000282e+02
1.817220000000000033e-03 5.012259999999999991e+02
2.033969999999999962e-03 5.004510000000000218e+02
2.276590000000000211e-03 4.995369999999999777e+02
2.548139999999999954e-03 4.984759999999999991e+02
2.852089999999999834e-03 4.972570000000000050e+02
3.192289999999999971e-03 4.958720000000000141e+02
3.573069999999999805e-03 4.943059999999999832e+02
3.999270000000000082e-03 4.925470000000000255e+02
4.476309999999999838e-03 4.905799999999999841e+02
5.010240000000000006e-03 4.883879999999999768e+02
5.607870000000000042e-03 4.859549999999999841e+02
6.276780000000000033e-03 4.832599999999999909e+02
7.025489999999999687e-03 4.802830000000000155e+02
7.863490000000000757e-03 4.770040000000000191e+02
8.801460000000000533e-03 4.733980000000000246e+02
9.851310000000000275e-03 4.694440000000000168e+02
1.102640000000000044e-02 4.651159999999999854e+02
1.234159999999999945e-02 4.603890000000000100e+02
1.381369999999999994e-02 4.552389999999999759e+02
1.546149999999999955e-02 4.496399999999999864e+02
1.730570000000000025e-02 4.435699999999999932e+02
1.936999999999999833e-02 4.370049999999999955e+02
2.168039999999999898e-02 4.299239999999999782e+02
2.426649999999999988e-02 4.223090000000000259e+02
2.716100000000000111e-02 4.141449999999999818e+02
3.040079999999999866e-02 4.054200000000000159e+02
3.402709999999999763e-02 3.961270000000000095e+02
3.808589999999999892e-02 3.862649999999999864e+02
4.262880000000000141e-02 3.758369999999999891e+02
4.771360000000000184e-02 3.648539999999999850e+02
5.340500000000000108e-02 3.533330000000000268e+02
5.977520000000000056e-02 3.412980000000000018e+02
6.690519999999999801e-02 3.287810000000000059e+02
7.488569999999999949e-02 3.158199999999999932e+02
8.381819999999999549e-02 3.024580000000000268e+02
9.381609999999999949e-02 2.887490000000000236e+02
1.050070000000000031e-01 2.747479999999999905e+02
1.175319999999999976e-01 2.605179999999999723e+02
1.315510000000000013e-01 2.461239999999999952e+02
1.472430000000000128e-01 2.316359999999999957e+02
1.648060000000000080e-01 2.171260000000000048e+02
1.844639999999999891e-01 2.026659999999999968e+02
2.064670000000000116e-01 1.883309999999999889e+02
2.310949999999999949e-01 1.741949999999999932e+02
2.586600000000000010e-01 1.603319999999999936e+02
2.895139999999999936e-01 1.468170000000000073e+02
3.240469999999999740e-01 1.337230000000000132e+02
3.627000000000000224e-01 1.211260000000000048e+02
4.059630000000000183e-01 1.090999999999999943e+02
4.543869999999999854e-01 9.772469999999999857e+01
5.085870000000000113e-01 8.708050000000000068e+01
5.692509999999999515e-01 7.725459999999999638e+01
6.371520000000000516e-01 6.834139999999999304e+01
7.131530000000000369e-01 6.044530000000000314e+01
7.982179999999999831e-01 5.368330000000000268e+01
8.934309999999999752e-01 4.818900000000000006e+01
1.000000000000000000e+00 4.325707201281223035e+01
