1.117099999999999947e-10 6.387960000000000000e+06
1.404790000000000068e-10 1.388230000000000000e+07
1.766560000000000050e-10 2.198950000000000000e+07
2.221510000000000118e-10 2.938450000000000000e+07
2.793620000000000223e-10 3.560820000000000000e+07
3.513070000000000257e-10 4.067560000000000000e+07
4.417789999999999899e-10 4.473840000000000000e+07
5.555520000000000271e-10 4.795730000000000000e+07
6.986240000000000475e-10 5.047770000000000000e+07
8.785419999999999633e-10 5.242120000000000000e+07
1.104799999999999949e-09 5.389820000000000000e+07
1.389319999999999913e-09 5.500680000000000000e+07
1.747109999999999977e-09 5.582910000000000000e+07
2.197049999999999977e-09 5.642300000000000000e+07
2.762849999999999822e-09 5.684260000000000000e+07
3.474380000000000155e-09 5.713930000000000000e+07
4.369140000000000072e-09 5.734860000000000000e+07
5.494340000000000281e-09 5.749040000000000000e+07
6.909310000000000411e-09 5.757500000000000000e+07
8.688669999999999941e-09 5.760740000000000000e+07
1.092629999999999938e-08 5.758990000000000000e+07
1.374020000000000018e-08 5.752230000000000000e+07
1.727869999999999907e-08 5.740270000000000000e+07
2.172850000000000164e-08 5.722690000000000000e+07
2.732430000000000003e-08 5.698880000000000000e+07
3.436119999999999669e-08 5.668000000000000000e+07
4.321029999999999750e-08 5.629010000000000000e+07
5.433830000000000291e-08 5.580650000000000000e+07
6.833220000000000356e-08 5.521430000000000000e+07
8.592989999999999709e-08 5.449700000000000000e+07
1.080600000000000028e-07 5.363650000000000000e+07
1.358880000000000055e-07 5.261440000000000000e+07
1.708840000000000100e-07 5.141290000000000000e+07
2.148919999999999896e-07 5.001660000000000000e+07
2.702340000000000096e-07 4.841400000000000000e+07
3.398279999999999908e-07 4.660030000000000000e+07
4.273440000000000182e-07 4.457890000000000000e+07
5.373990000000000067e-07 4.236300000000000000e+07
6.757969999999999732e-07 3.997620000000000000e+07
8.498369999999999620e-07 3.745190000000000000e+07
1.068700000000000034e-06 3.483150000000000000e+07
1.343920000000000086e-06 3.216170000000000000e+07
1.690020000000000041e-06 2.949040000000000000e+07
2.125259999999999960e-06 2.686370000000000000e+07
2.672579999999999914e-06 2.432270000000000000e+07
3.360860000000000040e-06 2.190100000000000000e+07
4.226380000000000182e-06 1.962390000000000000e+07
5.314810000000000195e-06 1.750830000000000000e+07
6.683549999999999731e-06 1.556300000000000000e+07
8.404779999999999852e-06 1.379010000000000000e+07
1.056930000000000060e-05 1.218620000000000000e+07
1.329120000000000075e-05 1.074430000000000000e+07
1.671409999999999977e-05 9.454500000000000000e+06
2.101849999999999875e-05 8.305550000000000000e+06
2.643149999999999927e-05 7.285480000000000000e+06
3.323849999999999694e-05 6.382260000000000000e+06
4.179840000000000286e-05 5.584290000000000000e+06
5.256289999999999780e-05 4.880570000000000000e+06
6.609949999999999962e-05 4.260930000000000000e+06
8.312219999999999505e-05 3.716080000000000000e+06
1.045290000000000016e-04 3.237560000000000000e+06
1.314479999999999924e-04 2.817790000000000000e+06
1.653009999999999950e-04 2.449960000000000000e+06
2.078709999999999889e-04 2.128000000000000000e+06
2.614040000000000200e-04 1.846480000000000000e+06
3.287240000000000192e-04 1.600590000000000000e+06
4.133809999999999915e-04 1.386070000000000000e+06
5.198400000000000373e-04 1.199100000000000000e+06
6.537160000000000410e-04 1.036330000000000000e+06
8.220690000000000332e-04 8.947790000000000000e+05
1.033779999999999985e-03 7.718120000000000000e+05
1.300010000000000098e-03 6.651030000000000000e+05
1.634800000000000055e-03 5.725970000000000000e+05
2.055819999999999870e-03 4.924860000000000000e+05
2.585259999999999815e-03 4.231770000000000000e+05
3.251040000000000180e-03 3.632700000000000000e+05
4.088289999999999633e-03 3.115380000000000000e+05
5.141159999999999654e-03 2.669050000000000000e+05
6.465170000000000118e-03 2.284280000000000000e+05
8.130160000000000858e-03 1.952850000000000000e+05
1.022389999999999931e-02 1.667570000000000000e+05
1.285689999999999923e-02 1.422190000000000000e+05
1.616799999999999835e-02 1.211260000000000000e+05
2.033180000000000057e-02 1.030040000000000000e+05
2.556790000000000104e-02 8.744260000000000582e+04
3.215239999999999765e-02 7.408539999999999418e+04
4.043270000000000197e-02 6.262419999999999709e+04
5.084539999999999893e-02 5.279219999999999709e+04
6.393970000000000209e-02 4.435959999999999854e+04
8.040629999999999999e-02 3.712830000000000291e+04
1.011129999999999945e-01 3.092829999999999927e+04
1.271529999999999883e-01 2.561390000000000146e+04
1.598999999999999866e-01 2.106129999999999927e+04
2.010790000000000077e-01 1.716570000000000073e+04
2.528630000000000044e-01 1.383970000000000073e+04
3.179830000000000156e-01 1.101139999999999964e+04
3.998740000000000072e-01 8.623989999999999782e+03
5.028550000000000519e-01 6.634560000000000400e+03
6.323560000000000292e-01 5.014630000000000109e+03
7.952080000000000259e-01 3.750650000000000091e+03
1.000000000000000000e+00 2.805265542570007710e+03
