4.468389999999999704e-11 1.596990000000000000e+07
5.670859999999999688e-11 3.551630000000000000e+07
7.196940000000000068e-11 5.654330000000000000e+07
9.133689999999999868e-11 7.548380000000000000e+07
1.159160000000000033e-10 9.122840000000000000e+07
1.471099999999999966e-10 1.039050000000000000e+08
1.866990000000000033e-10 1.139560000000000000e+08
2.369410000000000196e-10 1.218210000000000000e+08
3.007039999999999885e-10 1.278950000000000000e+08
3.816250000000000134e-10 1.325060000000000000e+08
4.843239999999999707e-10 1.359550000000000000e+08
6.146590000000000175e-10 1.385030000000000000e+08
7.800679999999999578e-10 1.403500000000000000e+08
9.899909999999999162e-10 1.416480000000000000e+08
1.256410000000000007e-09 1.425530000000000000e+08
1.594509999999999905e-09 1.431850000000000000e+08
2.023609999999999798e-09 1.436170000000000000e+08
2.568180000000000121e-09 1.438860000000000000e+08
3.259289999999999816e-09 1.440100000000000000e+08
4.136399999999999902e-09 1.439980000000000000e+08
5.249529999999999759e-09 1.438510000000000000e+08
6.662220000000000182e-09 1.435640000000000000e+08
8.455079999999999303e-09 1.431280000000000000e+08
1.073039999999999926e-08 1.425260000000000000e+08
1.361799999999999992e-08 1.417350000000000000e+08
1.728279999999999909e-08 1.407260000000000000e+08
2.193370000000000006e-08 1.394630000000000000e+08
2.783619999999999948e-08 1.379050000000000000e+08
3.532710000000000139e-08 1.360050000000000000e+08
4.483400000000000296e-08 1.337120000000000000e+08
5.689909999999999762e-08 1.309740000000000000e+08
7.221110000000000265e-08 1.277420000000000000e+08
9.164369999999999363e-08 1.239740000000000000e+08
1.163059999999999960e-07 1.196430000000000000e+08
1.476040000000000027e-07 1.147420000000000000e+08
1.873259999999999927e-07 1.092900000000000000e+08
2.377370000000000065e-07 1.033330000000000000e+08
3.017140000000000241e-07 9.695130000000000000e+07
3.829070000000000022e-07 9.024940000000000000e+07
4.859499999999999806e-07 8.335210000000000000e+07
6.167229999999999566e-07 7.639370000000000000e+07
7.826889999999999486e-07 6.950730000000000000e+07
9.933160000000001048e-07 6.281440000000000000e+07
1.260630000000000033e-06 5.641710000000000000e+07
1.599869999999999939e-06 5.039390000000000000e+07
2.030409999999999928e-06 4.479840000000000000e+07
2.576800000000000045e-06 3.966000000000000000e+07
3.270239999999999881e-06 3.498780000000000000e+07
4.150290000000000035e-06 3.077450000000000000e+07
5.267159999999999898e-06 2.700090000000000000e+07
6.684600000000000340e-06 2.363980000000000000e+07
8.483479999999999624e-06 2.065950000000000000e+07
1.076640000000000080e-05 1.802640000000000000e+07
1.366379999999999952e-05 1.570680000000000000e+07
1.734079999999999836e-05 1.366790000000000000e+07
2.200739999999999871e-05 1.187940000000000000e+07
2.792970000000000129e-05 1.031300000000000000e+07
3.544579999999999866e-05 8.943130000000000000e+06
4.498450000000000273e-05 7.746630000000000000e+06
5.709019999999999763e-05 6.702850000000000000e+06
7.245370000000000055e-05 5.793390000000000000e+06
9.195149999999999537e-05 5.001890000000000000e+06
1.166959999999999954e-04 4.313850000000000000e+06
1.480999999999999949e-04 3.716450000000000000e+06
1.879550000000000123e-04 3.198380000000000000e+06
2.385350000000000057e-04 2.749610000000000000e+06
3.027269999999999766e-04 2.361350000000000000e+06
3.841930000000000128e-04 2.025830000000000000e+06
4.875829999999999834e-04 1.736210000000000000e+06
6.187950000000000004e-04 1.486520000000000000e+06
7.853170000000000029e-04 1.271480000000000000e+06
9.966519999999999980e-04 1.086490000000000000e+06
1.264860000000000029e-03 9.275250000000000000e+05
1.605239999999999966e-03 7.910600000000000000e+05
2.037230000000000117e-03 6.740310000000000000e+05
2.585459999999999928e-03 5.737650000000000000e+05
3.281229999999999997e-03 4.879430000000000000e+05
4.164229999999999668e-03 4.145490000000000000e+05
5.284859999999999731e-03 3.518370000000000000e+05
6.707049999999999991e-03 2.982950000000000000e+05
8.511970000000000647e-03 2.526180000000000000e+05
1.080260000000000074e-02 2.136770000000000000e+05
1.370970000000000001e-02 1.805010000000000000e+05
1.739910000000000068e-02 1.522530000000000000e+05
2.208130000000000162e-02 1.282140000000000000e+05
2.802349999999999980e-02 1.077650000000000000e+05
3.556490000000000345e-02 9.037739999999999418e+04
4.513559999999999794e-02 7.559619999999999709e+04
5.728199999999999958e-02 6.303369999999999709e+04
7.269699999999999773e-02 5.235859999999999854e+04
9.226030000000000342e-02 4.328869999999999709e+04
1.170879999999999976e-01 3.558440000000000146e+04
1.485980000000000079e-01 2.904309999999999854e+04
1.885860000000000036e-01 2.349479999999999927e+04
2.393369999999999942e-01 1.879790000000000146e+04
3.037440000000000140e-01 1.483660000000000036e+04
3.854839999999999933e-01 1.151889999999999964e+04
4.892199999999999882e-01 8.774719999999999345e+03
6.208730000000000082e-01 6.556199999999999818e+03
7.879549999999999610e-01 4.838000000000000000e+03
1.000000000000000000e+00 3.570093643175618126e+03
