8.936770000000000157e-07 7.984930000000000518e+02
1.027230000000000074e-06 1.346069999999999936e+03
1.180750000000000088e-06 1.954789999999999964e+03
1.357199999999999898e-06 2.573050000000000182e+03
1.560030000000000080e-06 3.163630000000000109e+03
1.793170000000000062e-06 3.706250000000000000e+03
2.061150000000000163e-06 4.193489999999999782e+03
2.369179999999999990e-06 4.625350000000000364e+03
2.723239999999999866e-06 5.005199999999999818e+03
3.130219999999999822e-06 5.337590000000000146e+03
3.598009999999999963e-06 5.627220000000000255e+03
4.135719999999999766e-06 5.878399999999999636e+03
4.753780000000000418e-06 6.095439999999999600e+03
5.464209999999999985e-06 6.282060000000000400e+03
6.280809999999999925e-06 6.441479999999999563e+03
7.219440000000000118e-06 6.576960000000000036e+03
8.298349999999999924e-06 6.691489999999999782e+03
9.538500000000000239e-06 6.787829999999999927e+03
1.096400000000000040e-05 6.868569999999999709e+03
1.260250000000000004e-05 6.935989999999999782e+03
1.448589999999999966e-05 6.991779999999999745e+03
1.665069999999999967e-05 7.037369999999999891e+03
1.913910000000000112e-05 7.074310000000000400e+03
2.199930000000000128e-05 7.104159999999999854e+03
2.528700000000000031e-05 7.128340000000000146e+03
2.906599999999999920e-05 7.147930000000000291e+03
3.340979999999999986e-05 7.163739999999999782e+03
3.840269999999999741e-05 7.176329999999999927e+03
4.414179999999999807e-05 7.186029999999999745e+03
5.073860000000000241e-05 7.193109999999999673e+03
5.832119999999999991e-05 7.197699999999999818e+03
6.703700000000000208e-05 7.199920000000000073e+03
7.705540000000000089e-05 7.199810000000000400e+03
8.857089999999999592e-05 7.197380000000000109e+03
1.018069999999999961e-04 7.192630000000000109e+03
1.170220000000000055e-04 7.185510000000000218e+03
1.345100000000000115e-04 7.175909999999999854e+03
1.546119999999999895e-04 7.163720000000000255e+03
1.777179999999999949e-04 7.148789999999999964e+03
2.042769999999999959e-04 7.130920000000000073e+03
2.348060000000000013e-04 7.109880000000000109e+03
2.698959999999999923e-04 7.085390000000000327e+03
3.102310000000000050e-04 7.057149999999999636e+03
3.565929999999999924e-04 7.024819999999999709e+03
4.098840000000000079e-04 6.988010000000000218e+03
4.711389999999999762e-04 6.946300000000000182e+03
5.415490000000000017e-04 6.899239999999999782e+03
6.224810000000000326e-04 6.846340000000000146e+03
7.155069999999999920e-04 6.787100000000000364e+03
8.224359999999999570e-04 6.720989999999999782e+03
9.453449999999999961e-04 6.647479999999999563e+03
1.086619999999999947e-03 6.566039999999999964e+03
1.249010000000000051e-03 6.476159999999999854e+03
1.435670000000000002e-03 6.377380000000000109e+03
1.650219999999999985e-03 6.269289999999999964e+03
1.896839999999999898e-03 6.151550000000000182e+03
2.180319999999999914e-03 6.023949999999999818e+03
2.506149999999999958e-03 5.886369999999999891e+03
2.880689999999999987e-03 5.738859999999999673e+03
3.311189999999999880e-03 5.581630000000000109e+03
3.806030000000000177e-03 5.415060000000000400e+03
4.374819999999999751e-03 5.239720000000000255e+03
5.028620000000000138e-03 5.056340000000000146e+03
5.780119999999999703e-03 4.865850000000000364e+03
6.643930000000000148e-03 4.669310000000000400e+03
7.636829999999999834e-03 4.467920000000000073e+03
8.778120000000000367e-03 4.262960000000000036e+03
1.009000000000000001e-02 4.055789999999999964e+03
1.159789999999999953e-02 3.847769999999999982e+03
1.333110000000000024e-02 3.640260000000000218e+03
1.532339999999999917e-02 3.434559999999999945e+03
1.761340000000000128e-02 3.231860000000000127e+03
2.024559999999999901e-02 3.033280000000000200e+03
2.327119999999999883e-02 2.839780000000000200e+03
2.674899999999999847e-02 2.652159999999999854e+03
3.074649999999999953e-02 2.471119999999999891e+03
3.534140000000000198e-02 2.297170000000000073e+03
4.062299999999999939e-02 2.130679999999999836e+03
4.669390000000000346e-02 1.971910000000000082e+03
5.367199999999999749e-02 1.820980000000000018e+03
6.169299999999999784e-02 1.677910000000000082e+03
7.091279999999999806e-02 1.542619999999999891e+03
8.151029999999999387e-02 1.414960000000000036e+03
9.369159999999999988e-02 1.294740000000000009e+03
1.076929999999999971e-01 1.181710000000000036e+03
1.237879999999999953e-01 1.075589999999999918e+03
1.422869999999999968e-01 9.761019999999999754e+02
1.635510000000000019e-01 8.829379999999999882e+02
1.879929999999999934e-01 7.958129999999999882e+02
2.160880000000000023e-01 7.144519999999999982e+02
2.483809999999999907e-01 6.386019999999999754e+02
2.854999999999999760e-01 5.680449999999999591e+02
3.281669999999999865e-01 5.026000000000000227e+02
3.772099999999999898e-01 4.421349999999999909e+02
4.335820000000000229e-01 3.865779999999999745e+02
4.983779999999999877e-01 3.359209999999999923e+02
5.728579999999999783e-01 2.902350000000000136e+02
6.584689999999999710e-01 2.496860000000000070e+02
7.568740000000000467e-01 2.145449999999999875e+02
8.699850000000000083e-01 1.852110000000000127e+02
1.000000000000000000e+00 1.598877146870903516e+02
