2.234190000000000037e-08 3.193979999999999927e+04
2.664590000000000039e-08 6.014250000000000000e+04
3.177889999999999745e-08 9.135619999999999709e+04
3.790070000000000003e-08 1.218340000000000000e+05
4.520179999999999915e-08 1.494760000000000000e+05
5.390939999999999832e-08 1.735850000000000000e+05
6.429449999999999382e-08 1.942110000000000000e+05
7.667999999999999577e-08 2.116760000000000000e+05
9.145159999999999551e-08 2.263610000000000000e+05
1.090689999999999955e-07 2.386200000000000000e+05
1.300790000000000096e-07 2.487900000000000000e+05
1.551379999999999959e-07 2.571460000000000000e+05
1.850230000000000018e-07 2.639530000000000000e+05
2.206659999999999988e-07 2.694500000000000000e+05
2.631750000000000256e-07 2.738600000000000000e+05
3.138719999999999931e-07 2.773750000000000000e+05
3.743359999999999977e-07 2.801440000000000000e+05
4.464470000000000007e-07 2.822840000000000000e+05
5.324499999999999801e-07 2.839210000000000000e+05
6.350210000000000057e-07 2.851730000000000000e+05
7.573500000000000418e-07 2.861330000000000000e+05
9.032449999999999595e-07 2.868630000000000000e+05
1.077240000000000083e-06 2.874000000000000000e+05
1.284759999999999919e-06 2.877670000000000000e+05
1.532260000000000090e-06 2.879770000000000000e+05
1.827430000000000052e-06 2.880370000000000000e+05
2.179459999999999797e-06 2.879500000000000000e+05
2.599310000000000106e-06 2.877150000000000000e+05
3.100039999999999799e-06 2.873280000000000000e+05
3.697220000000000068e-06 2.867820000000000000e+05
4.409449999999999770e-06 2.860660000000000000e+05
5.258880000000000038e-06 2.851640000000000000e+05
6.271940000000000296e-06 2.840580000000000000e+05
7.480159999999999716e-06 2.827260000000000000e+05
8.921130000000000422e-06 2.811410000000000000e+05
1.063970000000000081e-05 2.792730000000000000e+05
1.268930000000000063e-05 2.770890000000000000e+05
1.513370000000000047e-05 2.745510000000000000e+05
1.804909999999999970e-05 2.716200000000000000e+05
2.152600000000000024e-05 2.682550000000000000e+05
2.567279999999999923e-05 2.644120000000000000e+05
3.061829999999999787e-05 2.600520000000000000e+05
3.651660000000000203e-05 2.551360000000000000e+05
4.355109999999999711e-05 2.496320000000000000e+05
5.194070000000000230e-05 2.435160000000000000e+05
6.194650000000000059e-05 2.367770000000000000e+05
7.387969999999999672e-05 2.294140000000000000e+05
8.811179999999999891e-05 2.214470000000000000e+05
1.050860000000000032e-04 2.129120000000000000e+05
1.253290000000000057e-04 2.038620000000000000e+05
1.494719999999999946e-04 1.943680000000000000e+05
1.782660000000000039e-04 1.845190000000000000e+05
2.126069999999999924e-04 1.744130000000000000e+05
2.535640000000000138e-04 1.641570000000000000e+05
3.024100000000000269e-04 1.538610000000000000e+05
3.606649999999999765e-04 1.436310000000000000e+05
4.301430000000000184e-04 1.335700000000000000e+05
5.130049999999999714e-04 1.237690000000000000e+05
6.118299999999999477e-04 1.143050000000000000e+05
7.296919999999999925e-04 1.052410000000000000e+05
8.702589999999999631e-04 9.662539999999999418e+04
1.037900000000000020e-03 8.849230000000000291e+04
1.237840000000000034e-03 8.086110000000000582e+04
1.476300000000000051e-03 7.373939999999999418e+04
1.760690000000000085e-03 6.712460000000000582e+04
2.099870000000000209e-03 6.100600000000000000e+04
2.504380000000000061e-03 5.536640000000000146e+04
2.986830000000000214e-03 5.018409999999999854e+04
3.562200000000000175e-03 4.543430000000000291e+04
4.248420000000000148e-03 4.109040000000000146e+04
5.066829999999999598e-03 3.712500000000000000e+04
6.042890000000000414e-03 3.351059999999999854e+04
7.206989999999999924e-03 3.022050000000000000e+04
8.595329999999999984e-03 2.722859999999999854e+04
1.025110000000000084e-02 2.451059999999999854e+04
1.222589999999999961e-02 2.204309999999999854e+04
1.458109999999999962e-02 1.980450000000000000e+04
1.738989999999999980e-02 1.777479999999999927e+04
2.073989999999999861e-02 1.593520000000000073e+04
2.473519999999999885e-02 1.426870000000000073e+04
2.950010000000000132e-02 1.275950000000000000e+04
3.518299999999999900e-02 1.139310000000000036e+04
4.196060000000000068e-02 1.015639999999999964e+04
5.004379999999999939e-02 9.037280000000000655e+03
5.968419999999999975e-02 8.024750000000000000e+03
7.118170000000000053e-02 7.108800000000000182e+03
8.489399999999999724e-02 6.280329999999999927e+03
1.012480000000000047e-01 5.531109999999999673e+03
1.207519999999999982e-01 4.853720000000000255e+03
1.440140000000000031e-01 4.241470000000000255e+03
1.717559999999999920e-01 3.688429999999999836e+03
2.048429999999999973e-01 3.189349999999999909e+03
2.443029999999999924e-01 2.739659999999999854e+03
2.913660000000000139e-01 2.335480000000000018e+03
3.474940000000000251e-01 1.973609999999999900e+03
4.144349999999999978e-01 1.651569999999999936e+03
4.942710000000000159e-01 1.367660000000000082e+03
5.894859999999999545e-01 1.121019999999999982e+03
7.030440000000000023e-01 9.117210000000000036e+02
8.384770000000000278e-01 7.409139999999999873e+02
1.000000000000000000e+00 6.021066321072287337e+02
