2.978920000000000049e-08 2.395479999999999927e+04
3.542569999999999938e-08 4.473419999999999709e+04
4.212870000000000322e-08 6.774910000000000582e+04
5.009999999999999863e-08 9.029730000000000291e+04
5.957950000000000090e-08 1.108320000000000000e+05
7.085270000000000287e-08 1.288120000000000000e+05
8.425889999999999490e-08 1.442510000000000000e+05
1.002019999999999995e-07 1.573700000000000000e+05
1.191610000000000041e-07 1.684410000000000000e+05
1.417079999999999875e-07 1.777160000000000000e+05
1.685210000000000040e-07 1.854460000000000000e+05
2.004070000000000025e-07 1.918250000000000000e+05
2.383269999999999873e-07 1.970470000000000000e+05
2.834210000000000072e-07 2.012860000000000000e+05
3.370480000000000148e-07 2.047030000000000000e+05
4.008209999999999864e-07 2.074410000000000000e+05
4.766610000000000091e-07 2.096150000000000000e+05
5.668519999999999728e-07 2.113100000000000000e+05
6.741070000000000157e-07 2.126140000000000000e+05
8.016560000000000416e-07 2.136150000000000000e+05
9.533399999999999856e-07 2.143860000000000000e+05
1.133719999999999964e-06 2.149770000000000000e+05
1.348239999999999902e-06 2.154210000000000000e+05
1.603340000000000009e-06 2.157360000000000000e+05
1.906709999999999952e-06 2.159350000000000000e+05
2.267490000000000037e-06 2.160230000000000000e+05
2.696520000000000061e-06 2.160030000000000000e+05
3.206739999999999980e-06 2.158770000000000000e+05
3.813490000000000143e-06 2.156430000000000000e+05
4.535049999999999889e-06 2.152960000000000000e+05
5.393140000000000341e-06 2.148290000000000000e+05
6.413590000000000033e-06 2.142330000000000000e+05
7.627119999999999915e-06 2.134960000000000000e+05
9.070260000000000806e-06 2.126040000000000000e+05
1.078650000000000083e-05 2.115390000000000000e+05
1.282740000000000021e-05 2.102820000000000000e+05
1.525449999999999938e-05 2.088090000000000000e+05
1.814080000000000087e-05 2.070950000000000000e+05
2.157329999999999892e-05 2.051140000000000000e+05
2.565530000000000151e-05 2.028360000000000000e+05
3.050949999999999986e-05 2.002310000000000000e+05
3.628230000000000327e-05 1.972700000000000000e+05
4.314739999999999960e-05 1.939240000000000000e+05
5.131139999999999801e-05 1.901660000000000000e+05
6.102020000000000236e-05 1.859760000000000000e+05
7.256590000000000262e-05 1.813380000000000000e+05
8.629629999999999571e-05 1.762460000000000000e+05
1.026250000000000008e-04 1.707050000000000000e+05
1.220419999999999947e-04 1.647290000000000000e+05
1.451339999999999965e-04 1.583480000000000000e+05
1.725960000000000124e-04 1.516030000000000000e+05
2.052529999999999947e-04 1.445480000000000000e+05
2.440889999999999868e-04 1.372450000000000000e+05
2.902739999999999791e-04 1.297670000000000000e+05
3.451969999999999952e-04 1.221910000000000000e+05
4.105129999999999912e-04 1.145940000000000000e+05
4.881870000000000068e-04 1.070550000000000000e+05
5.805580000000000072e-04 9.964310000000000582e+04
6.904069999999999782e-04 9.242389999999999418e+04
8.210399999999999860e-04 8.545210000000000582e+04
9.763909999999999560e-04 7.877230000000000291e+04
1.161139999999999959e-03 7.241869999999999709e+04
1.380839999999999932e-03 6.641500000000000000e+04
1.642110000000000011e-03 6.077540000000000146e+04
1.952820000000000077e-03 5.550540000000000146e+04
2.322310000000000173e-03 5.060350000000000000e+04
2.761720000000000060e-03 4.606219999999999709e+04
3.284280000000000099e-03 4.186950000000000000e+04
3.905699999999999797e-03 3.801009999999999854e+04
4.644709999999999811e-03 3.446659999999999854e+04
5.523540000000000394e-03 3.121990000000000146e+04
6.568670000000000411e-03 2.825059999999999854e+04
7.811539999999999630e-03 2.553900000000000000e+04
9.289580000000000407e-03 2.306590000000000146e+04
1.104729999999999948e-02 2.081259999999999854e+04
1.313759999999999928e-02 1.876140000000000146e+04
1.562340000000000083e-02 1.689550000000000000e+04
1.857949999999999879e-02 1.519920000000000073e+04
2.209500000000000006e-02 1.365779999999999927e+04
2.627559999999999965e-02 1.225779999999999927e+04
3.124729999999999869e-02 1.098660000000000036e+04
3.715960000000000096e-02 9.832729999999999563e+03
4.419069999999999943e-02 8.785579999999999927e+03
5.255209999999999743e-02 7.835449999999999818e+03
6.249559999999999838e-02 6.973500000000000000e+03
7.432060000000000055e-02 6.191630000000000109e+03
8.838290000000000035e-02 5.482500000000000000e+03
1.051060000000000050e-01 4.839430000000000291e+03
1.249930000000000069e-01 4.256409999999999854e+03
1.486439999999999984e-01 3.728010000000000218e+03
1.767690000000000095e-01 3.249420000000000073e+03
2.102159999999999862e-01 2.816360000000000127e+03
2.499909999999999910e-01 2.425150000000000091e+03
2.972929999999999739e-01 2.072630000000000109e+03
3.535440000000000249e-01 1.756250000000000000e+03
4.204390000000000072e-01 1.474039999999999964e+03
4.999910000000000188e-01 1.224690000000000055e+03
5.945960000000000134e-01 1.007610000000000014e+03
7.071009999999999796e-01 8.229880000000000564e+02
8.408930000000000016e-01 6.719569999999999936e+02
1.000000000000000000e+00 5.486425535090147605e+02
