1.787349999999999972e-11 3.992470000000000000e+07
2.289230000000000092e-11 9.082220000000000000e+07
2.932020000000000102e-11 1.452580000000000000e+08
3.755300000000000205e-11 1.936800000000000000e+08
4.809749999999999857e-11 2.334310000000000000e+08
6.160280000000000000e-11 2.650710000000000000e+08
7.890020000000000584e-11 2.898710000000000000e+08
1.010549999999999938e-10 3.090400000000000000e+08
1.294300000000000121e-10 3.236250000000000000e+08
1.657720000000000041e-10 3.345320000000000000e+08
2.123189999999999882e-10 3.425600000000000000e+08
2.719370000000000195e-10 3.483940000000000000e+08
3.482939999999999762e-10 3.525160000000000000e+08
4.460910000000000160e-10 3.553520000000000000e+08
5.713489999999999881e-10 3.573020000000000000e+08
7.317780000000000139e-10 3.586350000000000000e+08
9.372529999999999687e-10 3.594960000000000000e+08
1.200420000000000079e-09 3.599520000000000000e+08
1.537490000000000033e-09 3.600350000000000000e+08
1.969200000000000190e-09 3.597560000000000000e+08
2.522140000000000143e-09 3.591060000000000000e+08
3.230329999999999949e-09 3.580590000000000000e+08
4.137369999999999745e-09 3.565750000000000000e+08
5.299099999999999620e-09 3.545910000000000000e+08
6.787040000000000170e-09 3.520300000000000000e+08
8.692769999999999958e-09 3.487920000000000000e+08
1.113360000000000051e-08 3.447630000000000000e+08
1.425980000000000074e-08 3.398120000000000000e+08
1.826379999999999973e-08 3.337950000000000000e+08
2.339210000000000073e-08 3.265690000000000000e+08
2.996040000000000006e-08 3.179970000000000000e+08
3.837300000000000222e-08 3.079680000000000000e+08
4.914770000000000141e-08 2.964120000000000000e+08
6.294789999999999683e-08 2.833230000000000000e+08
8.062299999999999342e-08 2.687750000000000000e+08
1.032610000000000007e-07 2.529250000000000000e+08
1.322559999999999900e-07 2.360200000000000000e+08
1.693920000000000123e-07 2.183770000000000000e+08
2.169560000000000006e-07 2.003580000000000000e+08
2.778739999999999907e-07 1.823420000000000000e+08
3.558989999999999763e-07 1.646890000000000000e+08
4.558319999999999752e-07 1.477130000000000000e+08
5.838239999999999476e-07 1.316640000000000000e+08
7.477560000000000156e-07 1.167190000000000000e+08
9.577190000000000541e-07 1.029850000000000000e+08
1.226640000000000084e-06 9.050550000000000000e+07
1.571060000000000040e-06 7.927160000000000000e+07
2.012199999999999979e-06 6.923700000000000000e+07
2.577209999999999928e-06 6.032970000000000000e+07
3.300860000000000191e-06 5.246280000000000000e+07
4.227710000000000049e-06 4.554250000000000000e+07
5.414810000000000085e-06 3.947420000000000000e+07
6.935229999999999666e-06 3.416680000000000000e+07
8.882580000000000597e-06 2.953440000000000000e+07
1.137670000000000070e-05 2.549830000000000000e+07
1.457120000000000035e-05 2.198720000000000000e+07
1.866259999999999984e-05 1.893700000000000000e+07
2.390290000000000115e-05 1.629070000000000000e+07
3.061460000000000331e-05 1.399780000000000000e+07
3.921090000000000095e-05 1.201360000000000000e+07
5.022089999999999888e-05 1.029870000000000000e+07
6.432239999999999930e-05 8.818430000000000000e+06
8.238349999999999482e-05 7.542320000000000000e+06
1.055159999999999974e-04 6.443610000000000000e+06
1.351439999999999922e-04 5.498860000000000000e+06
1.730910000000000001e-04 4.687520000000000000e+06
2.216929999999999931e-04 3.991610000000000000e+06
2.839420000000000268e-04 3.395460000000000000e+06
3.636700000000000197e-04 2.885370000000000000e+06
4.657849999999999729e-04 2.449440000000000000e+06
5.965729999999999818e-04 2.077310000000000000e+06
7.640840000000000522e-04 1.760000000000000000e+06
9.786309999999999888e-04 1.489730000000000000e+06
1.253420000000000098e-03 1.259760000000000000e+06
1.605370000000000061e-03 1.064280000000000000e+06
2.056140000000000138e-03 8.982860000000000000e+05
2.633480000000000109e-03 7.574590000000000000e+05
3.372940000000000053e-03 6.380910000000000000e+05
4.320029999999999877e-03 5.369990000000000000e+05
5.533050000000000294e-03 4.514560000000000000e+05
7.086669999999999775e-03 3.791260000000000000e+05
9.076529999999999321e-03 3.180130000000000000e+05
1.162509999999999932e-02 2.664120000000000000e+05
1.488940000000000055e-02 2.228700000000000000e+05
1.907009999999999955e-02 1.861480000000000000e+05
2.442479999999999998e-02 1.551920000000000000e+05
3.128310000000000118e-02 1.291090000000000000e+05
4.006710000000000133e-02 1.071370000000000000e+05
5.131750000000000200e-02 8.863330000000000291e+04
6.572690000000000476e-02 7.305289999999999418e+04
8.418240000000000445e-02 5.993590000000000146e+04
1.078199999999999992e-01 4.889500000000000000e+04
1.380949999999999955e-01 3.960500000000000000e+04
1.768699999999999994e-01 3.179500000000000000e+04
2.265340000000000131e-01 2.524059999999999854e+04
2.901420000000000110e-01 1.975890000000000146e+04
3.716110000000000246e-01 1.520450000000000000e+04
4.759550000000000169e-01 1.146620000000000073e+04
6.095990000000000020e-01 8.466649999999999636e+03
7.807680000000000176e-01 6.161880000000000109e+03
1.000000000000000000e+00 4.484505528112044885e+03
