1.787349999999999887e-04 3.992469999999999963e+00
1.948449999999999954e-04 5.636440000000000339e+00
2.124059999999999989e-04 7.440590000000000259e+00
2.315499999999999904e-04 9.335720000000000240e+00
2.524189999999999832e-04 1.126009999999999955e+01
2.751690000000000212e-04 1.316239999999999988e+01
2.999699999999999893e-04 1.500469999999999970e+01
3.270060000000000197e-04 1.676150000000000162e+01
3.564789999999999864e-04 1.841819999999999879e+01
3.886079999999999765e-04 1.996809999999999974e+01
4.236329999999999740e-04 2.141009999999999991e+01
4.618150000000000228e-04 2.274650000000000105e+01
5.034370000000000251e-04 2.398160000000000025e+01
5.488119999999999761e-04 2.512040000000000006e+01
5.982760000000000161e-04 2.616860000000000142e+01
6.521979999999999921e-04 2.713179999999999836e+01
7.109790000000000380e-04 2.801539999999999964e+01
7.750590000000000344e-04 2.882489999999999952e+01
8.449150000000000106e-04 2.956390000000000029e+01
9.210660000000000071e-04 3.023930000000000007e+01
1.004080000000000077e-03 3.085500000000000043e+01
1.094579999999999945e-03 3.141410000000000124e+01
1.193229999999999985e-03 3.192109999999999914e+01
1.300780000000000079e-03 3.237989999999999924e+01
1.418009999999999930e-03 3.279419999999999646e+01
1.545820000000000050e-03 3.316749999999999687e+01
1.685139999999999902e-03 3.350289999999999679e+01
1.837019999999999972e-03 3.380400000000000205e+01
2.002589999999999839e-03 3.407370000000000232e+01
2.183080000000000003e-03 3.431499999999999773e+01
2.379839999999999820e-03 3.453050000000000352e+01
2.594330000000000160e-03 3.472220000000000084e+01
2.828160000000000136e-03 3.489200000000000301e+01
3.083049999999999940e-03 3.504149999999999920e+01
3.360929999999999820e-03 3.517240000000000322e+01
3.663839999999999805e-03 3.528659999999999997e+01
3.994059999999999798e-03 3.538609999999999900e+01
4.354039999999999994e-03 3.547259999999999991e+01
4.746470000000000029e-03 3.554760000000000275e+01
5.174259999999999970e-03 3.561269999999999669e+01
5.640619999999999835e-03 3.566879999999999740e+01
6.148999999999999952e-03 3.571699999999999875e+01
6.703200000000000304e-03 3.575789999999999935e+01
7.307349999999999783e-03 3.579209999999999781e+01
7.965959999999999361e-03 3.581989999999999696e+01
8.683919999999999487e-03 3.584159999999999968e+01
9.466600000000000362e-03 3.585750000000000171e+01
1.031980000000000050e-02 3.586769999999999925e+01
1.124990000000000018e-02 3.587219999999999942e+01
1.226389999999999945e-02 3.587109999999999843e+01
1.336919999999999949e-02 3.586440000000000339e+01
1.457420000000000070e-02 3.585210000000000008e+01
1.588770000000000113e-02 3.583400000000000318e+01
1.731960000000000097e-02 3.581000000000000227e+01
1.888070000000000026e-02 3.578000000000000114e+01
2.058230000000000129e-02 3.574389999999999645e+01
2.243739999999999971e-02 3.570120000000000005e+01
2.445970000000000089e-02 3.565189999999999770e+01
2.666419999999999901e-02 3.559559999999999746e+01
2.906740000000000018e-02 3.553190000000000026e+01
3.168719999999999870e-02 3.546039999999999992e+01
3.454320000000000307e-02 3.538080000000000069e+01
3.765650000000000247e-02 3.529249999999999687e+01
4.105049999999999671e-02 3.519489999999999696e+01
4.475029999999999980e-02 3.508760000000000190e+01
4.878360000000000335e-02 3.496990000000000265e+01
5.318040000000000267e-02 3.484109999999999729e+01
5.797349999999999726e-02 3.470049999999999812e+01
6.319859999999999367e-02 3.454729999999999990e+01
6.889460000000000028e-02 3.438069999999999737e+01
7.510400000000000409e-02 3.419980000000000331e+01
8.187310000000000421e-02 3.400370000000000203e+01
8.925220000000000375e-02 3.379140000000000299e+01
9.729640000000000510e-02 3.356179999999999808e+01
1.060659999999999936e-01 3.331400000000000006e+01
1.156250000000000056e-01 3.304670000000000130e+01
1.260459999999999914e-01 3.275889999999999702e+01
1.374070000000000014e-01 3.244939999999999714e+01
1.497910000000000075e-01 3.211710000000000065e+01
1.632919999999999927e-01 3.176069999999999993e+01
1.780090000000000006e-01 3.137920000000000087e+01
1.940530000000000033e-01 3.097149999999999892e+01
2.115430000000000088e-01 3.053650000000000020e+01
2.306090000000000084e-01 3.007329999999999970e+01
2.513929999999999776e-01 2.958109999999999928e+01
2.740509999999999891e-01 2.905930000000000035e+01
2.987509999999999888e-01 2.850750000000000028e+01
3.256769999999999943e-01 2.792559999999999931e+01
3.550300000000000122e-01 2.731370000000000076e+01
3.870290000000000119e-01 2.667259999999999920e+01
4.219109999999999805e-01 2.600319999999999965e+01
4.599380000000000135e-01 2.530750000000000099e+01
5.013910000000000311e-01 2.458770000000000167e+01
5.465809999999999835e-01 2.384730000000000061e+01
5.958440000000000403e-01 2.309029999999999916e+01
6.495469999999999855e-01 2.232239999999999824e+01
7.080899999999999972e-01 2.155020000000000024e+01
7.719089999999999563e-01 2.078200000000000003e+01
8.414810000000000345e-01 2.002789999999999893e+01
9.173229999999999995e-01 1.930020000000000024e+01
1.000000000000000000e+00 1.859894509013977881e+01
