1.489460000000000068e-04 4.790960000000000107e+00
1.626669999999999928e-04 6.807820000000000427e+00
1.776520000000000128e-04 9.023160000000000736e+00
1.940160000000000072e-04 1.134900000000000020e+01
2.118889999999999901e-04 1.370689999999999920e+01
2.314080000000000043e-04 1.603259999999999863e+01
2.527249999999999766e-04 1.827929999999999922e+01
2.760050000000000112e-04 2.041600000000000037e+01
3.014299999999999922e-04 2.242569999999999908e+01
3.291980000000000015e-04 2.430120000000000147e+01
3.595229999999999932e-04 2.604189999999999827e+01
3.926420000000000127e-04 2.765149999999999864e+01
4.288110000000000250e-04 2.913560000000000016e+01
4.683120000000000251e-04 3.050110000000000099e+01
5.114530000000000378e-04 3.175509999999999877e+01
5.585670000000000478e-04 3.290480000000000160e+01
6.100209999999999791e-04 3.395709999999999695e+01
6.662149999999999496e-04 3.491859999999999786e+01
7.275860000000000096e-04 3.579469999999999885e+01
7.946099999999999561e-04 3.659300000000000352e+01
8.678079999999999692e-04 3.731850000000000023e+01
9.477490000000000090e-04 3.797540000000000049e+01
1.035050000000000033e-03 3.856960000000000122e+01
1.130399999999999938e-03 3.910549999999999926e+01
1.234529999999999959e-03 3.958789999999999765e+01
1.348259999999999997e-03 4.002109999999999701e+01
1.472449999999999931e-03 4.040930000000000177e+01
1.608089999999999953e-03 4.075659999999999883e+01
1.756229999999999901e-03 4.106669999999999732e+01
1.918009999999999941e-03 4.134340000000000259e+01
2.094690000000000180e-03 4.158950000000000102e+01
2.287650000000000013e-03 4.180740000000000123e+01
2.498390000000000073e-03 4.199909999999999854e+01
2.728539999999999785e-03 4.216709999999999781e+01
2.979879999999999855e-03 4.231340000000000146e+01
3.254389999999999800e-03 4.244069999999999965e+01
3.554180000000000100e-03 4.255120000000000147e+01
3.881579999999999926e-03 4.264710000000000178e+01
4.239149999999999689e-03 4.273010000000000019e+01
4.629649999999999911e-03 4.280190000000000339e+01
5.056119999999999885e-03 4.286350000000000193e+01
5.521889999999999785e-03 4.291610000000000014e+01
6.030549999999999973e-03 4.296020000000000039e+01
6.586080000000000233e-03 4.299649999999999750e+01
7.192780000000000180e-03 4.302530000000000143e+01
7.855360000000000467e-03 4.304699999999999704e+01
8.578989999999999880e-03 4.306159999999999854e+01
9.369270000000000723e-03 4.306940000000000168e+01
1.023229999999999973e-02 4.307039999999999935e+01
1.117489999999999976e-02 4.306459999999999866e+01
1.220440000000000066e-02 4.305199999999999960e+01
1.332859999999999948e-02 4.303240000000000265e+01
1.455640000000000059e-02 4.300580000000000069e+01
1.589729999999999963e-02 4.297200000000000131e+01
1.736180000000000015e-02 4.293079999999999785e+01
1.896110000000000156e-02 4.288179999999999836e+01
2.070779999999999843e-02 4.282480000000000331e+01
2.261530000000000137e-02 4.275939999999999941e+01
2.469860000000000111e-02 4.268529999999999802e+01
2.697379999999999917e-02 4.260179999999999723e+01
2.945860000000000145e-02 4.250860000000000127e+01
3.217230000000000090e-02 4.240489999999999782e+01
3.513589999999999769e-02 4.229030000000000200e+01
3.837259999999999976e-02 4.216389999999999816e+01
4.190739999999999743e-02 4.202510000000000190e+01
4.576779999999999737e-02 4.187299999999999756e+01
4.998389999999999778e-02 4.170669999999999789e+01
5.458829999999999932e-02 4.152519999999999811e+01
5.961690000000000045e-02 4.132759999999999678e+01
6.510870000000000546e-02 4.111280000000000001e+01
7.110640000000000016e-02 4.087960000000000349e+01
7.765660000000000618e-02 4.062680000000000291e+01
8.481020000000000225e-02 4.035320000000000107e+01
9.262280000000000513e-02 4.005740000000000123e+01
1.011549999999999949e-01 3.973799999999999955e+01
1.104730000000000018e-01 3.939379999999999882e+01
1.206499999999999934e-01 3.902309999999999945e+01
1.317639999999999922e-01 3.862449999999999761e+01
1.439020000000000021e-01 3.819669999999999987e+01
1.571579999999999921e-01 3.773799999999999955e+01
1.716350000000000098e-01 3.724719999999999942e+01
1.874460000000000015e-01 3.672290000000000276e+01
2.047130000000000061e-01 3.616380000000000194e+01
2.235709999999999920e-01 3.556889999999999930e+01
2.441659999999999942e-01 3.493719999999999715e+01
2.666580000000000061e-01 3.426809999999999690e+01
2.912219999999999809e-01 3.356119999999999948e+01
3.180490000000000261e-01 3.281640000000000157e+01
3.473470000000000169e-01 3.203430000000000177e+01
3.793440000000000145e-01 3.121580000000000155e+01
4.142890000000000184e-01 3.036250000000000071e+01
4.524520000000000208e-01 2.947690000000000055e+01
4.941309999999999869e-01 2.856230000000000047e+01
5.396499999999999631e-01 2.762300000000000111e+01
5.893620000000000525e-01 2.666469999999999985e+01
6.436530000000000307e-01 2.569440000000000168e+01
7.029450000000000420e-01 2.472080000000000055e+01
7.676990000000000203e-01 2.375459999999999994e+01
8.384179999999999966e-01 2.280859999999999843e+01
9.156520000000000215e-01 2.189829999999999899e+01
1.000000000000000000e+00 2.102433720461604594e+01
