1.276680000000000089e-03 5.575379999999999781e-01
1.364650000000000021e-03 7.323600000000000110e-01
1.458679999999999959e-03 9.218939999999999912e-01
1.559190000000000012e-03 1.121259999999999923e+00
1.666630000000000108e-03 1.326480000000000103e+00
1.781470000000000059e-03 1.533579999999999943e+00
1.904220000000000088e-03 1.739219999999999988e+00
2.035429999999999965e-03 1.940730000000000066e+00
2.175690000000000089e-03 2.136109999999999953e+00
2.325600000000000150e-03 2.323949999999999960e+00
2.485849999999999952e-03 2.503359999999999808e+00
2.657140000000000109e-03 2.673849999999999838e+00
2.840230000000000012e-03 2.835220000000000073e+00
3.035930000000000052e-03 2.987519999999999953e+00
3.245120000000000209e-03 3.130900000000000016e+00
3.468730000000000164e-03 3.265620000000000189e+00
3.707740000000000168e-03 3.391989999999999839e+00
3.963219999999999937e-03 3.510349999999999859e+00
4.236310000000000076e-03 3.621090000000000142e+00
4.528210000000000394e-03 3.724499999999999922e+00
4.840230000000000053e-03 3.820939999999999781e+00
5.173750000000000397e-03 3.910759999999999792e+00
5.530249999999999576e-03 3.994289999999999896e+00
5.911310000000000349e-03 4.071690000000000254e+00
6.318630000000000427e-03 4.143480000000000274e+00
6.754020000000000336e-03 4.209830000000000183e+00
7.219399999999999949e-03 4.271099999999999675e+00
7.716859999999999865e-03 4.327359999999999651e+00
8.248590000000000089e-03 4.378940000000000055e+00
8.816960000000000422e-03 4.426099999999999923e+00
9.424490000000000645e-03 4.469020000000000437e+00
1.007390000000000022e-02 4.507939999999999614e+00
1.076799999999999979e-02 4.543059999999999654e+00
1.150999999999999940e-02 4.574559999999999960e+00
1.230310000000000084e-02 4.602630000000000443e+00
1.315080000000000068e-02 4.627480000000000260e+00
1.405700000000000005e-02 4.649239999999999817e+00
1.502560000000000007e-02 4.668099999999999916e+00
1.606099999999999889e-02 4.684179999999999566e+00
1.716760000000000161e-02 4.697619999999999685e+00
1.835060000000000163e-02 4.708499999999999908e+00
1.961500000000000049e-02 4.716879999999999740e+00
2.096659999999999843e-02 4.722850000000000215e+00
2.241129999999999858e-02 4.726479999999999571e+00
2.395560000000000050e-02 4.727839999999999598e+00
2.560619999999999910e-02 4.727020000000000444e+00
2.737059999999999840e-02 4.724070000000000213e+00
2.925660000000000066e-02 4.719070000000000320e+00
3.127250000000000169e-02 4.712060000000000137e+00
3.342740000000000294e-02 4.703100000000000058e+00
3.573069999999999719e-02 4.692190000000000083e+00
3.819270000000000304e-02 4.679339999999999833e+00
4.082439999999999680e-02 4.664559999999999818e+00
4.363739999999999980e-02 4.647809999999999775e+00
4.664419999999999678e-02 4.629059999999999953e+00
4.985830000000000123e-02 4.608259999999999579e+00
5.329380000000000228e-02 4.585359999999999658e+00
5.696600000000000275e-02 4.560290000000000177e+00
6.089119999999999949e-02 4.532969999999999722e+00
6.508700000000000596e-02 4.503309999999999924e+00
6.957180000000000308e-02 4.471230000000000260e+00
7.436560000000000392e-02 4.436619999999999564e+00
7.948979999999999935e-02 4.399390000000000356e+00
8.496710000000000373e-02 4.359409999999999563e+00
9.082170000000000520e-02 4.316580000000000084e+00
9.707979999999999388e-02 4.270780000000000243e+00
1.037690000000000001e-01 4.221879999999999633e+00
1.109190000000000037e-01 4.169760000000000133e+00
1.185620000000000007e-01 4.114279999999999937e+00
1.267320000000000113e-01 4.055310000000000414e+00
1.354640000000000011e-01 3.992719999999999825e+00
1.447980000000000100e-01 3.926379999999999981e+00
1.547759999999999969e-01 3.856160000000000032e+00
1.654410000000000047e-01 3.781940000000000079e+00
1.768399999999999972e-01 3.703599999999999781e+00
1.890259999999999996e-01 3.621020000000000127e+00
2.020500000000000074e-01 3.534120000000000150e+00
2.159729999999999983e-01 3.442820000000000213e+00
2.308540000000000036e-01 3.347049999999999859e+00
2.467610000000000081e-01 3.246789999999999843e+00
2.637650000000000272e-01 3.142040000000000166e+00
2.819389999999999952e-01 3.032820000000000071e+00
3.013660000000000228e-01 2.919230000000000214e+00
3.221319999999999739e-01 2.801410000000000178e+00
3.443289999999999962e-01 2.679549999999999876e+00
3.680550000000000210e-01 2.553929999999999811e+00
3.934159999999999879e-01 2.424929999999999808e+00
4.205240000000000089e-01 2.293010000000000215e+00
4.495000000000000107e-01 2.158780000000000143e+00
4.804729999999999834e-01 2.022980000000000000e+00
5.135800000000000365e-01 1.886500000000000066e+00
5.489690000000000403e-01 1.750439999999999996e+00
5.867949999999999555e-01 1.616109999999999935e+00
6.272290000000000365e-01 1.485079999999999956e+00
6.704480000000000439e-01 1.359180000000000055e+00
7.166449999999999765e-01 1.240590000000000082e+00
7.660259999999999847e-01 1.131860000000000088e+00
8.188090000000000090e-01 1.035959999999999992e+00
8.752290000000000347e-01 9.563450000000000006e-01
9.355369999999999520e-01 8.970069999999999988e-01
1.000000000000000000e+00 8.413511659480467086e-01
