4.468390000000000090e-05 1.596990000000000087e+01
4.939120000000000240e-05 2.367070000000000007e+01
5.459440000000000028e-05 3.217139999999999844e+01
6.034570000000000060e-05 4.105160000000000053e+01
6.670289999999999455e-05 4.995049999999999812e+01
7.372980000000000007e-05 5.859199999999999875e+01
8.149699999999999577e-05 6.679680000000000462e+01
9.008250000000000361e-05 7.446590000000000487e+01
9.957229999999999532e-05 8.155899999999999750e+01
1.100620000000000043e-04 8.807410000000000139e+01
1.216570000000000043e-04 9.403000000000000114e+01
1.344729999999999981e-04 9.945669999999999789e+01
1.486389999999999977e-04 1.043880000000000052e+02
1.642980000000000048e-04 1.088599999999999994e+02
1.816060000000000092e-04 1.129060000000000059e+02
2.007370000000000129e-04 1.165570000000000022e+02
2.218839999999999918e-04 1.198439999999999941e+02
2.452590000000000043e-04 1.227999999999999972e+02
2.710960000000000214e-04 1.254470000000000027e+02
2.996550000000000168e-04 1.278110000000000070e+02
3.312230000000000100e-04 1.299170000000000016e+02
3.661159999999999892e-04 1.317870000000000061e+02
4.046850000000000057e-04 1.334430000000000121e+02
4.473179999999999886e-04 1.349060000000000059e+02
4.944409999999999777e-04 1.361949999999999932e+02
5.465290000000000252e-04 1.373300000000000125e+02
6.041039999999999474e-04 1.383259999999999934e+02
6.677439999999999548e-04 1.391959999999999980e+02
7.380890000000000411e-04 1.399519999999999982e+02
8.158440000000000310e-04 1.406040000000000134e+02
9.017899999999999701e-04 1.411639999999999873e+02
9.967909999999999097e-04 1.416430000000000007e+02
1.101800000000000002e-03 1.420550000000000068e+02
1.217870000000000020e-03 1.424070000000000107e+02
1.346170000000000049e-03 1.427100000000000080e+02
1.487980000000000075e-03 1.429679999999999893e+02
1.644740000000000004e-03 1.431889999999999930e+02
1.817999999999999955e-03 1.433739999999999952e+02
2.009529999999999823e-03 1.435279999999999916e+02
2.221219999999999879e-03 1.436519999999999868e+02
2.455220000000000145e-03 1.437479999999999905e+02
2.713870000000000171e-03 1.438170000000000073e+02
2.999770000000000127e-03 1.438590000000000089e+02
3.315779999999999943e-03 1.438760000000000048e+02
3.665090000000000188e-03 1.438669999999999902e+02
4.051189999999999652e-03 1.438319999999999936e+02
4.477970000000000388e-03 1.437719999999999914e+02
4.949710000000000394e-03 1.436860000000000070e+02
5.471150000000000145e-03 1.435720000000000027e+02
6.047509999999999865e-03 1.434310000000000116e+02
6.684599999999999743e-03 1.432620000000000005e+02
7.388800000000000055e-03 1.430629999999999882e+02
8.167179999999999579e-03 1.428319999999999936e+02
9.027570000000000386e-03 1.425680000000000121e+02
9.978590000000000723e-03 1.422700000000000102e+02
1.102979999999999933e-02 1.419339999999999975e+02
1.219179999999999917e-02 1.415589999999999975e+02
1.347609999999999954e-02 1.411409999999999911e+02
1.489580000000000071e-02 1.406790000000000020e+02
1.646500000000000047e-02 1.401680000000000064e+02
1.819950000000000040e-02 1.396049999999999898e+02
2.011680000000000065e-02 1.389869999999999948e+02
2.223599999999999882e-02 1.383089999999999975e+02
2.457849999999999965e-02 1.375670000000000073e+02
2.716779999999999889e-02 1.367570000000000050e+02
3.002979999999999886e-02 1.358739999999999952e+02
3.319339999999999791e-02 1.349130000000000109e+02
3.669019999999999920e-02 1.338689999999999998e+02
4.055539999999999839e-02 1.327359999999999900e+02
4.482769999999999810e-02 1.315089999999999861e+02
4.955020000000000258e-02 1.301829999999999927e+02
5.477010000000000212e-02 1.287520000000000095e+02
6.053999999999999659e-02 1.272099999999999937e+02
6.691769999999999663e-02 1.255520000000000067e+02
7.396719999999999684e-02 1.237720000000000056e+02
8.175939999999999597e-02 1.218670000000000044e+02
9.037249999999999450e-02 1.198319999999999936e+02
9.989290000000000669e-02 1.176620000000000061e+02
1.104160000000000003e-01 1.153550000000000040e+02
1.220480000000000037e-01 1.129080000000000013e+02
1.349059999999999981e-01 1.103199999999999932e+02
1.491180000000000005e-01 1.075900000000000034e+02
1.648270000000000013e-01 1.047189999999999941e+02
1.821899999999999908e-01 1.017090000000000032e+02
2.013840000000000074e-01 9.856409999999999627e+01
2.225989999999999913e-01 9.528940000000000055e+01
2.460489999999999899e-01 9.189199999999999591e+01
2.719690000000000163e-01 8.838070000000000448e+01
3.006199999999999983e-01 8.476659999999999684e+01
3.322890000000000010e-01 8.106319999999999482e+01
3.672949999999999826e-01 7.728600000000000136e+01
4.059880000000000155e-01 7.345359999999999445e+01
4.487579999999999902e-01 6.958719999999999573e+01
4.960330000000000017e-01 6.571150000000000091e+01
5.482879999999999976e-01 6.185470000000000113e+01
6.060489999999999489e-01 5.804910000000000281e+01
6.698939999999999895e-01 5.433149999999999835e+01
7.404650000000000398e-01 5.074419999999999931e+01
8.184700000000000308e-01 4.733550000000000324e+01
9.046939999999999982e-01 4.416080000000000183e+01
1.000000000000000000e+00 4.119906400053027085e+01
