9.929750000000000262e-05 7.186449999999999783e+00
1.088849999999999985e-04 1.035929999999999929e+01
1.193989999999999998e-04 1.385079999999999956e+01
1.309270000000000019e-04 1.751129999999999853e+01
1.435689999999999937e-04 2.120880000000000010e+01
1.574310000000000043e-04 2.483790000000000120e+01
1.726320000000000101e-04 2.832339999999999947e+01
1.893010000000000092e-04 3.161880000000000024e+01
2.075789999999999992e-04 3.470040000000000191e+01
2.276219999999999969e-04 3.756029999999999802e+01
2.495999999999999955e-04 4.020080000000000098e+01
2.736999999999999850e-04 4.262969999999999970e+01
3.001270000000000218e-04 4.485819999999999652e+01
3.291060000000000166e-04 4.689840000000000231e+01
3.608829999999999937e-04 4.876279999999999859e+01
3.957289999999999918e-04 5.046340000000000003e+01
4.339379999999999778e-04 5.201200000000000045e+01
4.758380000000000205e-04 5.341720000000000113e+01
5.217820000000000400e-04 5.469310000000000116e+01
5.721629999999999902e-04 5.584850000000000136e+01
6.274089999999999962e-04 5.689009999999999678e+01
6.879889999999999617e-04 5.782820000000000249e+01
7.544179999999999723e-04 5.867049999999999699e+01
8.272610000000000336e-04 5.942510000000000048e+01
9.071370000000000258e-04 6.009960000000000235e+01
9.947269999999999376e-04 6.070089999999999719e+01
1.090770000000000021e-03 6.123619999999999663e+01
1.196089999999999914e-03 6.171179999999999666e+01
1.311579999999999907e-03 6.213380000000000081e+01
1.438220000000000037e-03 6.250719999999999743e+01
1.577089999999999959e-03 6.283559999999999945e+01
1.729370000000000039e-03 6.312279999999999802e+01
1.896349999999999989e-03 6.337250000000000227e+01
2.079450000000000048e-03 6.358879999999999910e+01
2.280229999999999844e-03 6.377590000000000003e+01
2.500399999999999845e-03 6.393750000000000000e+01
2.741829999999999788e-03 6.407710000000000150e+01
3.006570000000000076e-03 6.419759999999999422e+01
3.296869999999999922e-03 6.430119999999999436e+01
3.615199999999999837e-03 6.438970000000000482e+01
3.964269999999999773e-03 6.446460000000000434e+01
4.347039999999999932e-03 6.452689999999999770e+01
4.766770000000000035e-03 6.457720000000000482e+01
5.227029999999999697e-03 6.461620000000000630e+01
5.731729999999999985e-03 6.464430000000000121e+01
6.285159999999999705e-03 6.466160000000000707e+01
6.892019999999999570e-03 6.466830000000000211e+01
7.557480000000000100e-03 6.466459999999999297e+01
8.287199999999999775e-03 6.465030000000000143e+01
9.087380000000000804e-03 6.462539999999999907e+01
9.964809999999999293e-03 6.458979999999999677e+01
1.092699999999999921e-02 6.454309999999999548e+01
1.198199999999999960e-02 6.448510000000000275e+01
1.313899999999999964e-02 6.441540000000000532e+01
1.440759999999999957e-02 6.433350000000000080e+01
1.579869999999999886e-02 6.423890000000000100e+01
1.732420000000000140e-02 6.413089999999999691e+01
1.899690000000000059e-02 6.400870000000000459e+01
2.083120000000000110e-02 6.387169999999999703e+01
2.284260000000000110e-02 6.371889999999999787e+01
2.504810000000000023e-02 6.354930000000000234e+01
2.746670000000000014e-02 6.336180000000000234e+01
3.011870000000000172e-02 6.315520000000000067e+01
3.302689999999999793e-02 6.292819999999999681e+01
3.621579999999999938e-02 6.267940000000000111e+01
3.971260000000000068e-02 6.240740000000000265e+01
4.354709999999999831e-02 6.211039999999999850e+01
4.775179999999999703e-02 6.178690000000000282e+01
5.236249999999999932e-02 6.143489999999999895e+01
5.741840000000000138e-02 6.105259999999999820e+01
6.296240000000000170e-02 6.063779999999999859e+01
6.904180000000000039e-02 6.018860000000000099e+01
7.570820000000000327e-02 5.970280000000000342e+01
8.301820000000000033e-02 5.917790000000000106e+01
9.103410000000000668e-02 5.861180000000000234e+01
9.982389999999999319e-02 5.800209999999999866e+01
1.094620000000000037e-01 5.734640000000000271e+01
1.200319999999999998e-01 5.664240000000000208e+01
1.316209999999999880e-01 5.588779999999999859e+01
1.443300000000000138e-01 5.508039999999999736e+01
1.582659999999999900e-01 5.421800000000000352e+01
1.735470000000000068e-01 5.329890000000000327e+01
1.903040000000000009e-01 5.232139999999999702e+01
2.086790000000000034e-01 5.128410000000000224e+01
2.288290000000000046e-01 5.018630000000000280e+01
2.509230000000000071e-01 4.902740000000000009e+01
2.751509999999999789e-01 4.780760000000000076e+01
3.017190000000000150e-01 4.652779999999999916e+01
3.308510000000000062e-01 4.518959999999999866e+01
3.627969999999999806e-01 4.379590000000000316e+01
3.978269999999999862e-01 4.235020000000000095e+01
4.362389999999999879e-01 4.085759999999999792e+01
4.783600000000000074e-01 3.932480000000000331e+01
5.245490000000000430e-01 3.775999999999999801e+01
5.751969999999999583e-01 3.617340000000000089e+01
6.307350000000000456e-01 3.457739999999999725e+01
6.916360000000000285e-01 3.298709999999999809e+01
7.584170000000000078e-01 3.142050000000000054e+01
8.316470000000000251e-01 2.989870000000000161e+01
9.119469999999999521e-01 2.844689999999999941e+01
1.000000000000000000e+00 2.706560129496252642e+01
