1.117099999999999994e-03 6.388080000000000425e-01
1.195670000000000023e-03 8.434509999999999508e-01
1.279760000000000012e-03 1.065560000000000063e+00
1.369769999999999972e-03 1.299360000000000070e+00
1.466110000000000069e-03 1.539900000000000047e+00
1.569230000000000017e-03 1.782440000000000024e+00
1.679600000000000060e-03 2.022990000000000066e+00
1.797729999999999988e-03 2.258420000000000094e+00
1.924170000000000004e-03 2.486380000000000035e+00
2.059500000000000133e-03 2.705270000000000064e+00
2.204359999999999827e-03 2.914120000000000044e+00
2.359400000000000212e-03 3.112400000000000055e+00
2.525340000000000050e-03 3.299960000000000004e+00
2.702959999999999911e-03 3.476879999999999971e+00
2.893059999999999816e-03 3.643429999999999946e+00
3.096540000000000056e-03 3.799889999999999990e+00
3.314329999999999880e-03 3.946689999999999809e+00
3.547439999999999795e-03 4.084249999999999936e+00
3.796949999999999891e-03 4.213020000000000209e+00
4.063999999999999904e-03 4.333420000000000272e+00
4.349829999999999842e-03 4.445879999999999832e+00
4.655770000000000047e-03 4.550810000000000244e+00
4.983229999999999951e-03 4.648600000000000065e+00
5.333720000000000128e-03 4.739489999999999981e+00
5.708849999999999689e-03 4.824130000000000251e+00
6.110380000000000325e-03 4.902739999999999654e+00
6.540139999999999842e-03 4.975600000000000023e+00
7.000130000000000241e-03 5.042989999999999640e+00
7.492480000000000147e-03 5.105290000000000106e+00
8.019449999999999149e-03 5.162770000000000081e+00
8.583479999999999235e-03 5.215709999999999624e+00
9.187189999999999593e-03 5.264400000000000190e+00
9.833359999999999324e-03 5.309090000000000309e+00
1.052499999999999963e-02 5.350030000000000285e+00
1.126519999999999952e-02 5.387489999999999668e+00
1.205750000000000051e-02 5.421700000000000408e+00
1.290559999999999971e-02 5.452880000000000393e+00
1.381330000000000058e-02 5.481250000000000178e+00
1.478480000000000072e-02 5.506990000000000052e+00
1.582470000000000057e-02 5.530260000000000176e+00
1.693769999999999998e-02 5.551179999999999559e+00
1.812899999999999928e-02 5.569869999999999877e+00
1.940410000000000051e-02 5.586479999999999890e+00
2.076880000000000046e-02 5.601130000000000386e+00
2.222959999999999867e-02 5.613970000000000127e+00
2.379300000000000165e-02 5.625140000000000029e+00
2.546649999999999955e-02 5.634769999999999612e+00
2.725759999999999988e-02 5.642990000000000173e+00
2.917480000000000073e-02 5.649899999999999700e+00
3.122669999999999960e-02 5.655599999999999739e+00
3.342300000000000132e-02 5.660160000000000302e+00
3.577380000000000143e-02 5.663649999999999629e+00
3.828979999999999884e-02 5.666120000000000267e+00
4.098290000000000266e-02 5.667589999999999684e+00
4.386539999999999884e-02 5.668110000000000426e+00
4.695060000000000205e-02 5.667670000000000208e+00
5.025280000000000025e-02 5.666280000000000427e+00
5.378720000000000029e-02 5.663940000000000197e+00
5.757029999999999786e-02 5.660650000000000404e+00
6.161939999999999779e-02 5.656390000000000029e+00
6.595330000000000636e-02 5.651139999999999830e+00
7.059200000000000197e-02 5.644879999999999676e+00
7.555699999999999916e-02 5.637570000000000192e+00
8.087110000000000132e-02 5.629199999999999982e+00
8.655909999999999993e-02 5.619720000000000049e+00
9.264709999999999612e-02 5.609099999999999753e+00
9.916329999999999589e-02 5.597279999999999589e+00
1.061379999999999962e-01 5.584229999999999805e+00
1.136029999999999957e-01 5.569899999999999629e+00
1.215930000000000066e-01 5.554229999999999556e+00
1.301450000000000107e-01 5.537169999999999703e+00
1.392980000000000051e-01 5.518650000000000055e+00
1.490960000000000063e-01 5.498610000000000220e+00
1.595820000000000016e-01 5.476989999999999803e+00
1.708060000000000134e-01 5.453719999999999679e+00
1.828200000000000103e-01 5.428740000000000343e+00
1.956779999999999908e-01 5.401959999999999873e+00
2.094409999999999883e-01 5.373330000000000162e+00
2.241710000000000091e-01 5.342760000000000176e+00
2.399380000000000124e-01 5.310200000000000031e+00
2.568139999999999867e-01 5.275579999999999714e+00
2.748760000000000092e-01 5.238819999999999588e+00
2.942089999999999983e-01 5.199889999999999901e+00
3.149020000000000152e-01 5.158730000000000260e+00
3.370500000000000163e-01 5.115300000000000402e+00
3.607560000000000211e-01 5.069589999999999819e+00
3.861290000000000000e-01 5.021580000000000155e+00
4.132870000000000155e-01 4.971289999999999765e+00
4.423549999999999982e-01 4.918770000000000309e+00
4.734670000000000267e-01 4.864080000000000403e+00
5.067679999999999962e-01 4.807339999999999947e+00
5.424109999999999765e-01 4.748700000000000365e+00
5.805599999999999650e-01 4.688369999999999926e+00
6.213929999999999731e-01 4.626629999999999576e+00
6.650979999999999670e-01 4.563819999999999766e+00
7.118759999999999533e-01 4.500379999999999825e+00
7.619449999999999834e-01 4.436860000000000248e+00
8.155350000000000099e-01 4.373910000000000409e+00
8.728949999999999765e-01 4.312339999999999840e+00
9.342880000000000074e-01 4.253120000000000012e+00
1.000000000000000000e+00 4.194712337314271622e+00
