9.929750000000001076e-04 7.172410000000000174e-01
1.064070000000000077e-03 9.510239999999999805e-01
1.140249999999999988e-03 1.204990000000000006e+00
1.221880000000000058e-03 1.472220000000000084e+00
1.309370000000000022e-03 1.746909999999999963e+00
1.403109999999999948e-03 2.023519999999999985e+00
1.503559999999999923e-03 2.297429999999999861e+00
1.611210000000000073e-03 2.564960000000000129e+00
1.726569999999999971e-03 2.823469999999999924e+00
1.850180000000000097e-03 3.071110000000000007e+00
1.982639999999999923e-03 3.306810000000000027e+00
2.124589999999999985e-03 3.530030000000000001e+00
2.276699999999999991e-03 3.740639999999999965e+00
2.439699999999999942e-03 3.938740000000000130e+00
2.614369999999999975e-03 4.124660000000000437e+00
2.801539999999999933e-03 4.298829999999999707e+00
3.002120000000000049e-03 4.461730000000000196e+00
3.217059999999999885e-03 4.613879999999999981e+00
3.447379999999999889e-03 4.755779999999999674e+00
3.694199999999999914e-03 4.887950000000000017e+00
3.958680000000000011e-03 5.010880000000000223e+00
4.242100000000000384e-03 5.125060000000000393e+00
4.545819999999999896e-03 5.230789999999999829e+00
4.871269999999999593e-03 5.328680000000000305e+00
5.220029999999999636e-03 5.419109999999999872e+00
5.593759999999999705e-03 5.502559999999999896e+00
5.994239999999999638e-03 5.579159999999999897e+00
6.423400000000000117e-03 5.649359999999999715e+00
6.883280000000000301e-03 5.713549999999999685e+00
7.376090000000000077e-03 5.771989999999999732e+00
7.904180000000000234e-03 5.825029999999999930e+00
8.470079999999999623e-03 5.872959999999999958e+00
9.076489999999999558e-03 5.916050000000000253e+00
9.726320000000000104e-03 5.954579999999999984e+00
1.042270000000000002e-02 5.988830000000000098e+00
1.116890000000000070e-02 6.019029999999999880e+00
1.196849999999999997e-02 6.045420000000000016e+00
1.282540000000000069e-02 6.068209999999999660e+00
1.374359999999999991e-02 6.087579999999999991e+00
1.472760000000000041e-02 6.103659999999999641e+00
1.578200000000000089e-02 6.116550000000000153e+00
1.691190000000000054e-02 6.126369999999999649e+00
1.812280000000000141e-02 6.133230000000000182e+00
1.942030000000000145e-02 6.137229999999999741e+00
2.081059999999999854e-02 6.138499999999999623e+00
2.230060000000000028e-02 6.137150000000000105e+00
2.389720000000000039e-02 6.133280000000000065e+00
2.560810000000000169e-02 6.126970000000000027e+00
2.744150000000000061e-02 6.118280000000000385e+00
2.940620000000000039e-02 6.107240000000000002e+00
3.151149999999999785e-02 6.093880000000000408e+00
3.376760000000000178e-02 6.078179999999999694e+00
3.618509999999999782e-02 6.060130000000000017e+00
3.877579999999999916e-02 6.039679999999999715e+00
4.155199999999999866e-02 6.016779999999999795e+00
4.452690000000000120e-02 5.991340000000000110e+00
4.771480000000000166e-02 5.963280000000000136e+00
5.113089999999999996e-02 5.932509999999999728e+00
5.479160000000000280e-02 5.898920000000000385e+00
5.871439999999999992e-02 5.862390000000000434e+00
6.291810000000000458e-02 5.822790000000000354e+00
6.742270000000000207e-02 5.779989999999999739e+00
7.224980000000000291e-02 5.733830000000000204e+00
7.742250000000000520e-02 5.684179999999999566e+00
8.296549999999999758e-02 5.630860000000000198e+00
8.890549999999999842e-02 5.573719999999999786e+00
9.527059999999999695e-02 5.512570000000000192e+00
1.020920000000000022e-01 5.447239999999999860e+00
1.094009999999999982e-01 5.377539999999999765e+00
1.172330000000000039e-01 5.303300000000000125e+00
1.256269999999999887e-01 5.224310000000000009e+00
1.346209999999999907e-01 5.140390000000000015e+00
1.442589999999999983e-01 5.051350000000000229e+00
1.545870000000000022e-01 4.957019999999999982e+00
1.656549999999999967e-01 4.857199999999999740e+00
1.775150000000000061e-01 4.751739999999999853e+00
1.902240000000000042e-01 4.640480000000000160e+00
2.038429999999999964e-01 4.523299999999999876e+00
2.184369999999999923e-01 4.400100000000000122e+00
2.340760000000000063e-01 4.270800000000000374e+00
2.508349999999999747e-01 4.135379999999999612e+00
2.687930000000000041e-01 3.993840000000000057e+00
2.880369999999999875e-01 3.846290000000000209e+00
3.086590000000000167e-01 3.692849999999999966e+00
3.307579999999999965e-01 3.533790000000000209e+00
3.544379999999999753e-01 3.369429999999999925e+00
3.798139999999999850e-01 3.200250000000000039e+00
4.070070000000000077e-01 3.026850000000000041e+00
4.361470000000000069e-01 2.850010000000000154e+00
4.673729999999999829e-01 2.670690000000000008e+00
5.008340000000000014e-01 2.490079999999999849e+00
5.366910000000000291e-01 2.309639999999999915e+00
5.751150000000000428e-01 2.131130000000000191e+00
6.162910000000000332e-01 1.956639999999999935e+00
6.604139999999999455e-01 1.788659999999999917e+00
7.076959999999999917e-01 1.630149999999999988e+00
7.583640000000000381e-01 1.484569999999999945e+00
8.126590000000000202e-01 1.355979999999999963e+00
8.708409999999999762e-01 1.249109999999999943e+00
9.331890000000000462e-01 1.169419999999999904e+00
1.000000000000000000e+00 1.094814867342138731e+00
