2.978919999999999832e-11 2.395480000000000000e+07
3.795939999999999999e-11 5.381340000000000000e+07
4.837030000000000201e-11 8.585210000000000000e+07
6.163650000000000217e-11 1.145520000000000000e+08
7.854109999999999620e-11 1.382780000000000000e+08
1.000819999999999962e-10 1.572840000000000000e+08
1.275310000000000066e-10 1.722780000000000000e+08
1.625079999999999986e-10 1.839470000000000000e+08
2.070780000000000060e-10 1.929000000000000000e+08
2.638730000000000151e-10 1.996530000000000000e+08
3.362429999999999937e-10 2.046660000000000000e+08
4.284630000000000123e-10 2.083440000000000000e+08
5.459749999999999680e-10 2.109810000000000000e+08
6.957160000000000199e-10 2.128160000000000000e+08
8.865249999999999966e-10 2.140870000000000000e+08
1.129670000000000091e-09 2.149680000000000000e+08
1.439489999999999958e-09 2.155570000000000000e+08
1.834299999999999963e-09 2.159030000000000000e+08
2.337380000000000049e-09 2.160300000000000000e+08
2.978439999999999901e-09 2.159470000000000000e+08
3.795309999999999791e-09 2.156540000000000000e+08
4.836229999999999956e-09 2.151400000000000000e+08
6.162629999999999842e-09 2.143850000000000000e+08
7.852819999999999772e-09 2.133610000000000000e+08
1.000659999999999975e-08 2.120270000000000000e+08
1.275099999999999950e-08 2.103330000000000000e+08
1.624819999999999855e-08 2.082190000000000000e+08
2.070439999999999976e-08 2.056160000000000000e+08
2.638289999999999996e-08 2.024470000000000000e+08
3.361880000000000058e-08 1.986290000000000000e+08
4.283920000000000154e-08 1.940830000000000000e+08
5.458849999999999942e-08 1.887350000000000000e+08
6.956010000000000095e-08 1.825310000000000000e+08
8.863800000000000266e-08 1.754420000000000000e+08
1.129480000000000000e-07 1.674790000000000000e+08
1.439259999999999879e-07 1.586980000000000000e+08
1.833990000000000132e-07 1.492030000000000000e+08
2.336990000000000070e-07 1.391430000000000000e+08
2.977950000000000008e-07 1.287060000000000000e+08
3.794690000000000213e-07 1.181000000000000000e+08
4.835439999999999523e-07 1.075370000000000000e+08
6.161620000000000351e-07 9.721740000000000000e+07
7.851529999999999897e-07 8.731170000000000000e+07
1.000489999999999928e-06 7.795560000000000000e+07
1.274890000000000003e-06 6.924420000000000000e+07
1.624549999999999972e-06 6.123370000000000000e+07
2.070099999999999882e-06 5.394560000000000000e+07
2.637859999999999932e-06 4.737370000000000000e+07
3.361329999999999884e-06 4.149110000000000000e+07
4.283219999999999625e-06 3.625680000000000000e+07
5.457949999999999980e-06 3.162190000000000000e+07
6.954869999999999702e-06 2.753340000000000000e+07
8.862339999999999245e-06 2.393810000000000000e+07
1.129300000000000013e-05 2.078420000000000000e+07
1.439019999999999988e-05 1.802320000000000000e+07
1.833690000000000057e-05 1.561030000000000000e+07
2.336609999999999978e-05 1.350470000000000000e+07
2.977460000000000119e-05 1.166980000000000000e+07
3.794070000000000081e-05 1.007280000000000000e+07
4.834640000000000183e-05 8.684480000000000000e+06
6.160609999999999958e-05 7.479150000000000000e+06
7.850249999999999589e-05 6.433910000000000000e+06
1.000329999999999958e-04 5.528610000000000000e+06
1.274679999999999932e-04 4.745470000000000000e+06
1.624279999999999973e-04 4.068830000000000000e+06
2.069759999999999916e-04 3.484930000000000000e+06
2.637429999999999853e-04 2.981680000000000000e+06
3.360780000000000169e-04 2.548440000000000000e+06
4.282520000000000055e-04 2.175930000000000000e+06
5.457059999999999689e-04 1.856010000000000000e+06
6.953729999999999981e-04 1.581550000000000000e+06
8.860889999999999522e-04 1.346380000000000000e+06
1.129110000000000009e-03 1.145060000000000000e+06
1.438789999999999904e-03 9.729260000000000000e+05
1.833390000000000063e-03 8.258800000000000000e+05
2.336229999999999904e-03 7.003910000000000000e+05
2.976969999999999790e-03 5.934000000000000000e+05
3.793439999999999920e-03 5.022610000000000000e+05
4.833849999999999779e-03 4.246920000000000000e+05
6.159600000000000318e-03 3.587270000000000000e+05
7.848960000000000312e-03 3.026720000000000000e+05
1.000159999999999938e-02 2.550730000000000000e+05
1.274469999999999943e-02 2.146820000000000000e+05
1.624019999999999977e-02 1.804270000000000000e+05
2.069419999999999940e-02 1.513910000000000000e+05
2.636990000000000167e-02 1.267910000000000000e+05
3.360219999999999874e-02 1.059570000000000000e+05
4.281809999999999783e-02 8.831789999999999418e+04
5.456160000000000176e-02 7.338689999999999418e+04
6.952590000000000159e-02 6.075030000000000291e+04
8.859430000000000083e-02 5.005719999999999709e+04
1.128929999999999934e-01 4.101059999999999854e+04
1.438550000000000106e-01 3.336030000000000291e+04
1.833089999999999997e-01 2.689659999999999854e+04
2.335840000000000138e-01 2.144559999999999854e+04
2.976480000000000237e-01 1.686540000000000146e+04
3.792820000000000080e-01 1.304279999999999927e+04
4.833060000000000134e-01 9.891629999999999200e+03
6.158590000000000453e-01 7.352449999999999818e+03
7.847669999999999924e-01 5.392689999999999600e+03
1.000000000000000000e+00 3.955296559634576624e+03
