1.787350000000000037e-09 3.992470000000000000e+05
2.186189999999999871e-09 8.067080000000000000e+05
2.674030000000000122e-09 1.253650000000000000e+06
3.270729999999999933e-09 1.676580000000000000e+06
4.000569999999999969e-09 2.046600000000000000e+06
4.893280000000000291e-09 2.358700000000000000e+06
5.985189999999999677e-09 2.617570000000000000e+06
7.320760000000000267e-09 2.830130000000000000e+06
8.954349999999999379e-09 3.003060000000000000e+06
1.095249999999999997e-08 3.142480000000000000e+06
1.339639999999999977e-08 3.253540000000000000e+06
1.638580000000000105e-08 3.341010000000000000e+06
2.004219999999999930e-08 3.409180000000000000e+06
2.451450000000000091e-08 3.461900000000000000e+06
2.998480000000000258e-08 3.502090000000000000e+06
3.667579999999999943e-08 3.532010000000000000e+06
4.485980000000000178e-08 3.554050000000000000e+06
5.487000000000000098e-08 3.570320000000000000e+06
6.711400000000000130e-08 3.582310000000000000e+06
8.209009999999999469e-08 3.590930000000000000e+06
1.004079999999999949e-07 3.596660000000000000e+06
1.228140000000000038e-07 3.599800000000000000e+06
1.502190000000000033e-07 3.600470000000000000e+06
1.837390000000000017e-07 3.598750000000000000e+06
2.247400000000000126e-07 3.594600000000000000e+06
2.748890000000000205e-07 3.587920000000000000e+06
3.362299999999999873e-07 3.578530000000000000e+06
4.112579999999999891e-07 3.566190000000000000e+06
5.030280000000000228e-07 3.550560000000000000e+06
6.152760000000000363e-07 3.531220000000000000e+06
7.525710000000000491e-07 3.507680000000000000e+06
9.205029999999999940e-07 3.479360000000000000e+06
1.125909999999999949e-06 3.445610000000000000e+06
1.377150000000000020e-06 3.405710000000000000e+06
1.684450000000000025e-06 3.358880000000000000e+06
2.060329999999999974e-06 3.304360000000000000e+06
2.520080000000000104e-06 3.241370000000000000e+06
3.082429999999999895e-06 3.169210000000000000e+06
3.770250000000000028e-06 3.087310000000000000e+06
4.611569999999999623e-06 2.995310000000000000e+06
5.640620000000000384e-06 2.893110000000000000e+06
6.899290000000000312e-06 2.780940000000000000e+06
8.438829999999999975e-06 2.659400000000000000e+06
1.032190000000000023e-05 2.529490000000000000e+06
1.262520000000000069e-05 2.392570000000000000e+06
1.544239999999999974e-05 2.250320000000000000e+06
1.888830000000000007e-05 2.104660000000000000e+06
2.310319999999999930e-05 1.957610000000000000e+06
2.825850000000000058e-05 1.811210000000000000e+06
3.456429999999999702e-05 1.667380000000000000e+06
4.227710000000000219e-05 1.527820000000000000e+06
5.171100000000000008e-05 1.393960000000000000e+06
6.325009999999999942e-05 1.266910000000000000e+06
7.736399999999999993e-05 1.147470000000000000e+06
9.462740000000000138e-05 1.036120000000000000e+06
1.157430000000000064e-04 9.330960000000000000e+05
1.415699999999999880e-04 8.383670000000000000e+05
1.731609999999999909e-04 7.517430000000000000e+05
2.118009999999999869e-04 6.728970000000000000e+05
2.590639999999999848e-04 6.014080000000000000e+05
3.168719999999999978e-04 5.367990000000000000e+05
3.875810000000000149e-04 4.785620000000000000e+05
4.740669999999999997e-04 4.261870000000000000e+05
5.798529999999999657e-04 3.791700000000000000e+05
7.092440000000000419e-04 3.370280000000000000e+05
8.675090000000000318e-04 2.993050000000000000e+05
1.061089999999999993e-03 2.655760000000000000e+05
1.297870000000000013e-03 2.354480000000000000e+05
1.587480000000000054e-03 2.085630000000000000e+05
1.941709999999999920e-03 1.845910000000000000e+05
2.374999999999999941e-03 1.632350000000000000e+05
2.904970000000000208e-03 1.442240000000000000e+05
3.553189999999999907e-03 1.273150000000000000e+05
4.346069999999999621e-03 1.122860000000000000e+05
5.315880000000000258e-03 9.893850000000000000e+04
6.502090000000000300e-03 8.709350000000000000e+04
7.952990000000000059e-03 7.658950000000000000e+04
9.727660000000000820e-03 6.728139999999999418e+04
1.189830000000000054e-02 5.903869999999999709e+04
1.455339999999999932e-02 5.174430000000000291e+04
1.780090000000000144e-02 4.529300000000000000e+04
2.177310000000000009e-02 3.959069999999999709e+04
2.663159999999999833e-02 3.455300000000000000e+04
3.257440000000000335e-02 3.010450000000000000e+04
3.984320000000000223e-02 2.617779999999999927e+04
4.873399999999999954e-02 2.271279999999999927e+04
5.960870000000000057e-02 1.965620000000000073e+04
7.291010000000000546e-02 1.696029999999999927e+04
8.917959999999999776e-02 1.458300000000000000e+04
1.090799999999999964e-01 1.248720000000000073e+04
1.334200000000000108e-01 1.064020000000000073e+04
1.631920000000000037e-01 9.013360000000000582e+03
1.996080000000000076e-01 7.581840000000000146e+03
2.441490000000000049e-01 6.324439999999999600e+03
2.986289999999999778e-01 5.223319999999999709e+03
3.652670000000000083e-01 4.263920000000000073e+03
4.467749999999999777e-01 3.435000000000000000e+03
5.464700000000000113e-01 2.728730000000000018e+03
6.684120000000000061e-01 2.140889999999999873e+03
8.175649999999999862e-01 1.671269999999999982e+03
1.000000000000000000e+00 1.304665878111193251e+03
