2.978919999999999883e-09 2.395480000000000000e+05
3.625089999999999938e-09 4.773270000000000000e+05
4.411419999999999641e-09 7.387150000000000000e+05
5.368310000000000046e-09 9.876990000000000000e+05
6.532769999999999972e-09 1.207100000000000000e+06
7.949810000000000695e-09 1.393380000000000000e+06
9.674220000000000120e-09 1.548830000000000000e+06
1.177269999999999927e-08 1.677280000000000000e+06
1.432630000000000005e-08 1.782480000000000000e+06
1.743390000000000036e-08 1.867970000000000000e+06
2.121549999999999896e-08 1.936630000000000000e+06
2.581740000000000062e-08 1.991190000000000000e+06
3.141760000000000202e-08 2.034090000000000000e+06
3.823240000000000293e-08 2.067560000000000000e+06
4.652550000000000193e-08 2.093430000000000000e+06
5.661749999999999727e-08 2.113000000000000000e+06
6.889849999999999984e-08 2.127540000000000000e+06
8.384350000000000562e-08 2.138340000000000000e+06
1.020299999999999945e-07 2.146370000000000000e+06
1.241619999999999970e-07 2.152280000000000000e+06
1.510939999999999896e-07 2.156430000000000000e+06
1.838679999999999892e-07 2.159040000000000000e+06
2.237520000000000041e-07 2.160210000000000000e+06
2.722860000000000071e-07 2.160000000000000000e+06
3.313489999999999848e-07 2.158430000000000000e+06
4.032219999999999826e-07 2.155450000000000000e+06
4.906859999999999510e-07 2.151000000000000000e+06
5.971229999999999663e-07 2.144970000000000000e+06
7.266459999999999543e-07 2.137200000000000000e+06
8.842650000000000371e-07 2.127480000000000000e+06
1.076069999999999974e-06 2.115590000000000000e+06
1.309490000000000061e-06 2.101220000000000000e+06
1.593530000000000056e-06 2.084050000000000000e+06
1.939190000000000148e-06 2.063720000000000000e+06
2.359819999999999964e-06 2.039810000000000000e+06
2.871699999999999966e-06 2.011890000000000000e+06
3.494609999999999818e-06 1.979530000000000000e+06
4.252630000000000143e-06 1.942310000000000000e+06
5.175080000000000095e-06 1.899840000000000000e+06
6.297620000000000193e-06 1.851820000000000000e+06
7.663650000000000732e-06 1.798030000000000000e+06
9.325989999999999457e-06 1.738430000000000000e+06
1.134890000000000073e-05 1.673130000000000000e+06
1.381059999999999954e-05 1.602460000000000000e+06
1.680629999999999865e-05 1.526960000000000000e+06
2.045189999999999980e-05 1.447370000000000000e+06
2.488809999999999978e-05 1.364590000000000000e+06
3.028669999999999922e-05 1.279680000000000000e+06
3.685620000000000129e-05 1.193760000000000000e+06
4.485080000000000094e-05 1.107950000000000000e+06
5.457950000000000149e-05 1.023360000000000000e+06
6.641849999999999436e-05 9.409490000000000000e+05
8.082549999999999381e-05 8.615680000000000000e+05
9.835759999999999490e-05 7.858870000000000000e+05
1.196929999999999940e-04 7.144080000000000000e+05
1.456549999999999870e-04 6.474600000000000000e+05
1.772499999999999987e-04 5.852180000000000000e+05
2.156980000000000073e-04 5.277240000000000000e+05
2.624850000000000187e-04 4.749090000000000000e+05
3.194219999999999785e-04 4.266220000000000000e+05
3.887079999999999789e-04 3.826510000000000000e+05
4.730240000000000031e-04 3.427460000000000000e+05
5.756290000000000278e-04 3.066320000000000000e+05
7.004900000000000102e-04 2.740250000000000000e+05
8.524350000000000200e-04 2.446430000000000000e+05
1.037340000000000094e-03 2.182080000000000000e+05
1.262349999999999974e-03 1.944590000000000000e+05
1.536169999999999897e-03 1.731480000000000000e+05
1.869390000000000071e-03 1.540430000000000000e+05
2.274879999999999958e-03 1.369330000000000000e+05
2.768329999999999836e-03 1.216220000000000000e+05
3.368819999999999801e-03 1.079310000000000000e+05
4.099550000000000416e-03 9.569930000000000291e+04
4.988799999999999832e-03 8.477830000000000291e+04
6.070930000000000423e-03 7.503469999999999709e+04
7.387799999999999923e-03 6.634760000000000582e+04
8.990299999999999681e-03 5.860759999999999854e+04
1.094039999999999943e-02 5.171609999999999854e+04
1.331350000000000068e-02 4.558390000000000146e+04
1.620140000000000122e-02 4.013069999999999709e+04
1.971569999999999920e-02 3.528400000000000000e+04
2.399230000000000113e-02 3.097859999999999854e+04
2.919650000000000023e-02 2.715590000000000146e+04
3.552960000000000146e-02 2.376320000000000073e+04
4.323640000000000122e-02 2.075320000000000073e+04
5.261489999999999917e-02 1.808359999999999854e+04
6.402779999999999583e-02 1.571639999999999964e+04
7.791620000000000490e-02 1.361789999999999964e+04
9.481720000000000426e-02 1.175800000000000000e+04
1.153840000000000005e-01 1.010989999999999964e+04
1.404130000000000100e-01 8.650100000000000364e+03
1.708699999999999941e-01 7.357869999999999891e+03
2.079340000000000077e-01 6.215260000000000218e+03
2.530370000000000119e-01 5.206859999999999673e+03
3.079239999999999755e-01 4.319739999999999782e+03
3.747170000000000223e-01 3.543420000000000073e+03
4.559969999999999857e-01 2.869880000000000109e+03
5.549089999999999856e-01 2.293699999999999818e+03
6.752759999999999874e-01 1.812230000000000018e+03
8.217520000000000380e-01 1.425930000000000064e+03
1.000000000000000000e+00 1.121975494283071612e+03
