1.117099999999999958e-08 6.387959999999999854e+04
1.341560000000000070e-08 1.226860000000000000e+05
1.611119999999999871e-08 1.876340000000000000e+05
1.934849999999999951e-08 2.505200000000000000e+05
2.323630000000000009e-08 3.069900000000000000e+05
2.790530000000000041e-08 3.557910000000000000e+05
3.351239999999999772e-08 3.971900000000000000e+05
4.024619999999999943e-08 4.319580000000000000e+05
4.833300000000000008e-08 4.609420000000000000e+05
5.804469999999999830e-08 4.849010000000000000e+05
6.970789999999999913e-08 5.045750000000000000e+05
8.371450000000000493e-08 5.205550000000000000e+05
1.005359999999999945e-07 5.334170000000000000e+05
1.207370000000000044e-07 5.436780000000000000e+05
1.449970000000000112e-07 5.518110000000000000e+05
1.741310000000000126e-07 5.581990000000000000e+05
2.091200000000000091e-07 5.631200000000000000e+05
2.511400000000000108e-07 5.668540000000000000e+05
3.016020000000000030e-07 5.696820000000000000e+05
3.622040000000000053e-07 5.718310000000000000e+05
4.349830000000000246e-07 5.734550000000000000e+05
5.223860000000000033e-07 5.746470000000000000e+05
6.273510000000000435e-07 5.754640000000000000e+05
7.534070000000000441e-07 5.759370000000000000e+05
9.047930000000000208e-07 5.760840000000000000e+05
1.086599999999999896e-06 5.759140000000000000e+05
1.304929999999999973e-06 5.754240000000000000e+05
1.567129999999999978e-06 5.746060000000000000e+05
1.882020000000000067e-06 5.734420000000000000e+05
2.260190000000000124e-06 5.719070000000000000e+05
2.714339999999999833e-06 5.699670000000000000e+05
3.259740000000000151e-06 5.675780000000000000e+05
3.914730000000000380e-06 5.646890000000000000e+05
4.701329999999999760e-06 5.612370000000000000e+05
5.645989999999999962e-06 5.571550000000000000e+05
6.780460000000000299e-06 5.523620000000000000e+05
8.142879999999999869e-06 5.467740000000000000e+05
9.779059999999999847e-06 5.403000000000000000e+05
1.174399999999999971e-05 5.328460000000000000e+05
1.410380000000000039e-05 5.243170000000000000e+05
1.693769999999999879e-05 5.146250000000000000e+05
2.034110000000000079e-05 5.036920000000000000e+05
2.442830000000000123e-05 4.914550000000000000e+05
2.933669999999999984e-05 4.778760000000000000e+05
3.523150000000000310e-05 4.629480000000000000e+05
4.231070000000000132e-05 4.467020000000000000e+05
5.081230000000000138e-05 4.292050000000000000e+05
6.102219999999999997e-05 4.105730000000000000e+05
7.328370000000000446e-05 3.909590000000000000e+05
8.800880000000000346e-05 3.705540000000000000e+05
1.056930000000000060e-04 3.495780000000000000e+05
1.269300000000000061e-04 3.282700000000000000e+05
1.524350000000000000e-04 3.068770000000000000e+05
1.830640000000000078e-04 2.856400000000000000e+05
2.198479999999999998e-04 2.647840000000000000e+05
2.640219999999999872e-04 2.445110000000000000e+05
3.170739999999999800e-04 2.249910000000000000e+05
3.807840000000000053e-04 2.063600000000000000e+05
4.572970000000000095e-04 1.887180000000000000e+05
5.491829999999999629e-04 1.721330000000000000e+05
6.595330000000000159e-04 1.566400000000000000e+05
7.920549999999999509e-04 1.422480000000000000e+05
9.512060000000000133e-04 1.289450000000000000e+05
1.142339999999999935e-03 1.166980000000000000e+05
1.371870000000000077e-03 1.054660000000000000e+05
1.647519999999999974e-03 9.519450000000000000e+04
1.978569999999999808e-03 8.582639999999999418e+04
2.376130000000000169e-03 7.730039999999999418e+04
2.853570000000000152e-03 6.955489999999999418e+04
3.426949999999999788e-03 6.252919999999999709e+04
4.115539999999999997e-03 5.616440000000000146e+04
4.942499999999999845e-03 5.040459999999999854e+04
5.935610000000000018e-03 4.519709999999999854e+04
7.128279999999999859e-03 4.049259999999999854e+04
8.560589999999999866e-03 3.624569999999999709e+04
1.028070000000000025e-02 3.241420000000000073e+04
1.234640000000000043e-02 2.895950000000000000e+04
1.482729999999999985e-02 2.584609999999999854e+04
1.780659999999999882e-02 2.304179999999999927e+04
2.138450000000000073e-02 2.051679999999999927e+04
2.568140000000000006e-02 1.824440000000000146e+04
3.084160000000000026e-02 1.620010000000000036e+04
3.703879999999999673e-02 1.436150000000000000e+04
4.448110000000000258e-02 1.270850000000000000e+04
5.341880000000000239e-02 1.122260000000000036e+04
6.415250000000000119e-02 9.887280000000000655e+03
7.704289999999999750e-02 8.687510000000000218e+03
9.252340000000000564e-02 7.609720000000000255e+03
1.111150000000000054e-01 6.641739999999999782e+03
1.334410000000000041e-01 5.772640000000000327e+03
1.602540000000000076e-01 4.992729999999999563e+03
1.924549999999999872e-01 4.293449999999999818e+03
2.311249999999999971e-01 3.667320000000000164e+03
2.775659999999999794e-01 3.107960000000000036e+03
3.333380000000000232e-01 2.610079999999999927e+03
4.003169999999999784e-01 2.169440000000000055e+03
4.807549999999999879e-01 1.783019999999999982e+03
5.773549999999999516e-01 1.448980000000000018e+03
6.933650000000000091e-01 1.166900000000000091e+03
8.326850000000000085e-01 9.379089999999999918e+02
1.000000000000000000e+00 7.538540120610929307e+02
