9.929749999999999246e-06 7.186310000000000286e+01
1.114209999999999959e-05 1.120840000000000032e+02
1.250259999999999952e-05 1.566690000000000111e+02
1.402909999999999922e-05 2.028480000000000132e+02
1.574199999999999937e-05 2.483449999999999989e+02
1.766409999999999915e-05 2.916220000000000141e+02
1.982079999999999834e-05 3.318260000000000218e+02
2.224089999999999910e-05 3.686129999999999995e+02
2.495650000000000068e-05 4.019580000000000268e+02
2.800360000000000070e-05 4.320029999999999859e+02
3.142280000000000008e-05 4.589639999999999986e+02
3.525940000000000329e-05 4.830819999999999936e+02
3.956449999999999702e-05 5.045950000000000273e+02
4.439519999999999805e-05 5.237279999999999518e+02
4.981579999999999830e-05 5.406829999999999927e+02
5.589819999999999956e-05 5.556829999999999927e+02
6.272320000000000282e-05 5.688819999999999482e+02
7.038149999999999691e-05 5.804610000000000127e+02
7.897499999999999518e-05 5.905769999999999982e+02
8.861759999999999668e-05 5.993830000000000382e+02
9.943760000000000489e-05 6.070190000000000055e+02
1.115789999999999968e-04 6.136240000000000236e+02
1.252020000000000118e-04 6.193229999999999791e+02
1.404889999999999893e-04 6.242240000000000464e+02
1.576419999999999926e-04 6.284120000000000346e+02
1.768899999999999954e-04 6.319560000000000173e+02
1.984880000000000010e-04 6.349329999999999927e+02
2.227230000000000019e-04 6.374239999999999782e+02
2.499169999999999994e-04 6.395049999999999955e+02
2.804309999999999854e-04 6.412459999999999809e+02
3.146709999999999828e-04 6.427010000000000218e+02
3.530920000000000000e-04 6.439109999999999445e+02
3.962029999999999740e-04 6.449080000000000155e+02
4.445790000000000137e-04 6.457129999999999654e+02
4.988609999999999659e-04 6.463410000000000082e+02
5.597700000000000158e-04 6.468020000000000209e+02
6.281169999999999766e-04 6.471029999999999518e+02
7.048080000000000187e-04 6.472490000000000236e+02
7.908639999999999550e-04 6.472430000000000518e+02
8.874259999999999701e-04 6.470839999999999463e+02
9.957790000000000218e-04 6.467730000000000246e+02
1.117359999999999968e-03 6.463060000000000400e+02
1.253790000000000069e-03 6.456799999999999500e+02
1.406869999999999952e-03 6.448890000000000100e+02
1.578650000000000019e-03 6.439249999999999545e+02
1.771400000000000014e-03 6.427809999999999491e+02
1.987679999999999916e-03 6.414450000000000500e+02
2.230370000000000182e-03 6.399049999999999727e+02
2.502690000000000123e-03 6.381459999999999582e+02
2.808269999999999864e-03 6.361530000000000200e+02
3.151150000000000131e-03 6.339080000000000155e+02
3.535899999999999807e-03 6.313920000000000528e+02
3.967619999999999827e-03 6.285819999999999936e+02
4.452059999999999872e-03 6.254560000000000173e+02
4.995649999999999917e-03 6.219869999999999663e+02
5.605599999999999646e-03 6.181499999999999773e+02
6.290030000000000274e-03 6.139149999999999636e+02
7.058029999999999859e-03 6.092530000000000427e+02
7.919799999999999410e-03 6.041319999999999482e+02
8.886790000000000314e-03 5.985199999999999818e+02
9.971839999999999177e-03 5.923849999999999909e+02
1.118940000000000039e-02 5.856939999999999600e+02
1.255560000000000009e-02 5.784149999999999636e+02
1.408859999999999973e-02 5.705180000000000291e+02
1.580880000000000132e-02 5.619729999999999563e+02
1.773900000000000129e-02 5.527540000000000191e+02
1.990489999999999968e-02 5.428390000000000555e+02
2.233519999999999950e-02 5.322100000000000364e+02
2.506229999999999916e-02 5.208559999999999945e+02
2.812229999999999938e-02 5.087699999999999818e+02
3.155600000000000072e-02 4.959529999999999745e+02
3.540890000000000010e-02 4.824169999999999732e+02
3.973220000000000224e-02 4.681779999999999973e+02
4.458340000000000219e-02 4.532649999999999864e+02
5.002689999999999915e-02 4.377130000000000223e+02
5.613510000000000028e-02 4.215699999999999932e+02
6.298910000000000620e-02 4.048879999999999768e+02
7.067990000000000383e-02 3.877320000000000277e+02
7.930969999999999687e-02 3.701720000000000255e+02
8.899319999999999453e-02 3.522830000000000155e+02
9.985910000000000619e-02 3.341469999999999914e+02
1.120519999999999988e-01 3.158500000000000227e+02
1.257330000000000114e-01 2.974789999999999850e+02
1.410849999999999882e-01 2.791240000000000236e+02
1.583110000000000073e-01 2.608720000000000141e+02
1.776399999999999924e-01 2.428120000000000118e+02
1.993290000000000062e-01 2.250300000000000011e+02
2.236670000000000047e-01 2.076080000000000041e+02
2.509759999999999769e-01 1.906289999999999907e+02
2.816199999999999815e-01 1.741699999999999875e+02
3.160049999999999804e-01 1.583089999999999975e+02
3.545880000000000143e-01 1.431210000000000093e+02
3.978829999999999867e-01 1.286829999999999927e+02
4.464629999999999987e-01 1.150720000000000027e+02
5.009749999999999481e-01 1.023719999999999999e+02
5.621429999999999483e-01 9.066910000000000025e+01
6.307789999999999786e-01 8.006199999999999761e+01
7.077959999999999807e-01 7.066009999999999991e+01
7.942160000000000331e-01 6.258919999999999817e+01
8.911879999999999802e-01 5.599519999999999698e+01
1.000000000000000000e+00 5.009590502713677296e+01
