1.787349999999999921e-06 3.992459999999999809e+02
2.040270000000000203e-06 6.584460000000000264e+02
2.328979999999999934e-06 9.465019999999999527e+02
2.658550000000000152e-06 1.240900000000000091e+03
3.034750000000000040e-06 1.524730000000000018e+03
3.464180000000000094e-06 1.788140000000000100e+03
3.954380000000000076e-06 2.026950000000000045e+03
4.513940000000000357e-06 2.240510000000000218e+03
5.152689999999999958e-06 2.429949999999999818e+03
5.881819999999999871e-06 2.597130000000000109e+03
6.714130000000000208e-06 2.744050000000000182e+03
7.664209999999999250e-06 2.872710000000000036e+03
8.748739999999999181e-06 2.984829999999999927e+03
9.986729999999999165e-06 3.082309999999999945e+03
1.139990000000000075e-05 3.166519999999999982e+03
1.301310000000000082e-05 3.238940000000000055e+03
1.485449999999999982e-05 3.300900000000000091e+03
1.695649999999999935e-05 3.353659999999999854e+03
1.935589999999999877e-05 3.398400000000000091e+03
2.209480000000000062e-05 3.436210000000000036e+03
2.522139999999999877e-05 3.468059999999999945e+03
2.879030000000000114e-05 3.494659999999999854e+03
3.286430000000000313e-05 3.516619999999999891e+03
3.751480000000000206e-05 3.534610000000000127e+03
4.282330000000000045e-05 3.549289999999999964e+03
4.888299999999999937e-05 3.561300000000000182e+03
5.580020000000000151e-05 3.571130000000000109e+03
6.369630000000000203e-05 3.579159999999999854e+03
7.270959999999999923e-05 3.585650000000000091e+03
8.299839999999999464e-05 3.590780000000000200e+03
9.474310000000000435e-05 3.594679999999999836e+03
1.081499999999999996e-04 3.597429999999999836e+03
1.234530000000000122e-04 3.599070000000000164e+03
1.409229999999999923e-04 3.599650000000000091e+03
1.608640000000000102e-04 3.599179999999999836e+03
1.836270000000000090e-04 3.597650000000000091e+03
2.096110000000000096e-04 3.595059999999999945e+03
2.392729999999999976e-04 3.591369999999999891e+03
2.731310000000000248e-04 3.586559999999999945e+03
3.117799999999999998e-04 3.580559999999999945e+03
3.558990000000000157e-04 3.573289999999999964e+03
4.062599999999999762e-04 3.564690000000000055e+03
4.637479999999999923e-04 3.554630000000000109e+03
5.293710000000000516e-04 3.543019999999999982e+03
6.042800000000000081e-04 3.529699999999999818e+03
6.897879999999999897e-04 3.514550000000000182e+03
7.873970000000000101e-04 3.497389999999999873e+03
8.988180000000000128e-04 3.478039999999999964e+03
1.026009999999999943e-03 3.456300000000000182e+03
1.171189999999999905e-03 3.431989999999999782e+03
1.336919999999999905e-03 3.404860000000000127e+03
1.526100000000000069e-03 3.374699999999999818e+03
1.742049999999999979e-03 3.341280000000000200e+03
1.988559999999999894e-03 3.304360000000000127e+03
2.269950000000000179e-03 3.263710000000000036e+03
2.591159999999999904e-03 3.219110000000000127e+03
2.957829999999999834e-03 3.170380000000000109e+03
3.376370000000000066e-03 3.117320000000000164e+03
3.854150000000000197e-03 3.059809999999999945e+03
4.399529999999999587e-03 2.997750000000000000e+03
5.022089999999999888e-03 2.931090000000000146e+03
5.732740000000000058e-03 2.859860000000000127e+03
6.543949999999999767e-03 2.784139999999999873e+03
7.469960000000000315e-03 2.704090000000000146e+03
8.526989999999999917e-03 2.619940000000000055e+03
9.733610000000000179e-03 2.532000000000000000e+03
1.111099999999999935e-02 2.440650000000000091e+03
1.268320000000000038e-02 2.346340000000000146e+03
1.447799999999999955e-02 2.249559999999999945e+03
1.652669999999999834e-02 2.150860000000000127e+03
1.886530000000000151e-02 2.050829999999999927e+03
2.153479999999999978e-02 1.950039999999999964e+03
2.458209999999999909e-02 1.849099999999999909e+03
2.806060000000000151e-02 1.748579999999999927e+03
3.203129999999999866e-02 1.649039999999999964e+03
3.656390000000000334e-02 1.550980000000000018e+03
4.173790000000000139e-02 1.454859999999999900e+03
4.764399999999999885e-02 1.361099999999999909e+03
5.438590000000000091e-02 1.270039999999999964e+03
6.208179999999999948e-02 1.181960000000000036e+03
7.086670000000000469e-02 1.097099999999999909e+03
8.089469999999999994e-02 1.015620000000000005e+03
9.234169999999999878e-02 9.376390000000000100e+02
1.054090000000000027e-01 8.632200000000000273e+02
1.203240000000000004e-01 7.923899999999999864e+02
1.373510000000000009e-01 7.251420000000000528e+02
1.567870000000000097e-01 6.614410000000000309e+02
1.789729999999999932e-01 6.012329999999999472e+02
2.042990000000000084e-01 5.444510000000000218e+02
2.332079999999999986e-01 4.910240000000000009e+02
2.662080000000000002e-01 4.408829999999999814e+02
3.038779999999999815e-01 3.939649999999999750e+02
3.468780000000000197e-01 3.502269999999999754e+02
3.959630000000000094e-01 3.096460000000000150e+02
4.519940000000000069e-01 2.722280000000000086e+02
5.159529999999999950e-01 2.380200000000000102e+02
5.889640000000000430e-01 2.071129999999999995e+02
6.723050000000000415e-01 1.796529999999999916e+02
7.674400000000000110e-01 1.558540000000000134e+02
8.760360000000000369e-01 1.360109999999999957e+02
1.000000000000000000e+00 1.186942211002167511e+02
