1.787349999999999921e-06 3.992470000000000141e+02
2.040270000000000203e-06 6.584489999999999554e+02
2.328979999999999934e-06 9.465059999999999718e+02
2.658550000000000152e-06 1.240900000000000091e+03
3.034750000000000040e-06 1.524740000000000009e+03
3.464180000000000094e-06 1.788150000000000091e+03
3.954380000000000076e-06 2.026960000000000036e+03
4.513940000000000357e-06 2.240530000000000200e+03
5.152689999999999958e-06 2.429969999999999800e+03
5.881819999999999871e-06 2.597150000000000091e+03
6.714130000000000208e-06 2.744079999999999927e+03
7.664209999999999250e-06 2.872750000000000000e+03
8.748739999999999181e-06 2.984869999999999891e+03
9.986729999999999165e-06 3.082360000000000127e+03
1.139990000000000075e-05 3.166570000000000164e+03
1.301310000000000082e-05 3.239000000000000000e+03
1.485449999999999982e-05 3.300980000000000018e+03
1.695649999999999935e-05 3.353739999999999782e+03
1.935589999999999877e-05 3.398489999999999782e+03
2.209480000000000062e-05 3.436320000000000164e+03
2.522139999999999877e-05 3.468179999999999836e+03
2.879030000000000114e-05 3.494800000000000182e+03
3.286430000000000313e-05 3.516789999999999964e+03
3.751480000000000206e-05 3.534789999999999964e+03
4.282330000000000045e-05 3.549510000000000218e+03
4.888299999999999937e-05 3.561539999999999964e+03
5.580020000000000151e-05 3.571400000000000091e+03
6.369630000000000203e-05 3.579469999999999800e+03
7.270959999999999923e-05 3.586000000000000000e+03
8.299839999999999464e-05 3.591190000000000055e+03
9.474310000000000435e-05 3.595150000000000091e+03
1.081499999999999996e-04 3.597960000000000036e+03
1.234530000000000122e-04 3.599670000000000073e+03
1.409229999999999923e-04 3.600329999999999927e+03
1.608640000000000102e-04 3.599949999999999818e+03
1.836270000000000090e-04 3.598519999999999982e+03
2.096110000000000096e-04 3.596050000000000182e+03
2.392729999999999976e-04 3.592500000000000000e+03
2.731310000000000248e-04 3.587840000000000146e+03
3.117799999999999998e-04 3.582000000000000000e+03
3.558990000000000157e-04 3.574929999999999836e+03
4.062599999999999762e-04 3.566539999999999964e+03
4.637479999999999923e-04 3.556730000000000018e+03
5.293710000000000516e-04 3.545380000000000109e+03
6.042800000000000081e-04 3.532380000000000109e+03
6.897879999999999897e-04 3.517570000000000164e+03
7.873970000000000101e-04 3.500789999999999964e+03
8.988180000000000128e-04 3.481880000000000109e+03
1.026009999999999943e-03 3.460630000000000109e+03
1.171189999999999905e-03 3.436849999999999909e+03
1.336919999999999905e-03 3.410329999999999927e+03
1.526100000000000069e-03 3.380840000000000146e+03
1.742049999999999979e-03 3.348159999999999854e+03
1.988559999999999894e-03 3.312059999999999945e+03
2.269950000000000179e-03 3.272309999999999945e+03
2.591159999999999904e-03 3.228710000000000036e+03
2.957829999999999834e-03 3.181050000000000182e+03
3.376370000000000066e-03 3.129170000000000073e+03
3.854150000000000197e-03 3.072929999999999836e+03
4.399529999999999587e-03 3.012230000000000018e+03
5.022089999999999888e-03 2.947039999999999964e+03
5.732740000000000058e-03 2.877369999999999891e+03
6.543949999999999767e-03 2.803300000000000182e+03
7.469960000000000315e-03 2.724980000000000018e+03
8.526989999999999917e-03 2.642630000000000109e+03
9.733610000000000179e-03 2.556559999999999945e+03
1.111099999999999935e-02 2.467119999999999891e+03
1.268320000000000038e-02 2.374739999999999782e+03
1.447799999999999955e-02 2.279909999999999854e+03
1.652669999999999834e-02 2.183150000000000091e+03
1.886530000000000151e-02 2.085019999999999982e+03
2.153479999999999978e-02 1.986079999999999927e+03
2.458209999999999909e-02 1.886910000000000082e+03
2.806060000000000151e-02 1.788069999999999936e+03
3.203129999999999866e-02 1.690079999999999927e+03
3.656390000000000334e-02 1.593430000000000064e+03
4.173790000000000139e-02 1.498569999999999936e+03
4.764399999999999885e-02 1.405890000000000100e+03
5.438590000000000091e-02 1.315730000000000018e+03
6.208179999999999948e-02 1.228349999999999909e+03
7.086670000000000469e-02 1.143990000000000009e+03
8.089469999999999994e-02 1.062789999999999964e+03
9.234169999999999878e-02 9.848790000000000191e+02
1.054090000000000027e-01 9.103189999999999600e+02
1.203240000000000004e-01 8.391380000000000337e+02
1.373510000000000009e-01 7.713319999999999936e+02
1.567870000000000097e-01 7.068709999999999809e+02
1.789729999999999932e-01 6.457060000000000173e+02
2.042990000000000084e-01 5.877780000000000200e+02
2.332079999999999986e-01 5.330220000000000482e+02
2.662080000000000002e-01 4.813779999999999859e+02
3.038779999999999815e-01 4.327919999999999732e+02
3.468780000000000197e-01 3.872259999999999991e+02
3.959630000000000094e-01 3.446650000000000205e+02
4.519940000000000069e-01 3.051220000000000141e+02
5.159529999999999950e-01 2.686490000000000009e+02
5.889640000000000430e-01 2.353420000000000130e+02
6.723050000000000415e-01 2.053509999999999991e+02
7.674400000000000110e-01 1.788950000000000102e+02
8.760360000000000369e-01 1.562669999999999959e+02
1.000000000000000000e+00 1.365009930905923170e+02
