2.234190000000000197e-12 3.193980000000000000e+08
2.921659999999999892e-12 7.635770000000000000e+08
3.820659999999999999e-12 1.231700000000000000e+09
4.996280000000000194e-12 1.636260000000000000e+09
6.533650000000000135e-12 1.959340000000000000e+09
8.544070000000000771e-12 2.210000000000000000e+09
1.117309999999999972e-11 2.401270000000000000e+09
1.461110000000000021e-11 2.544840000000000000e+09
1.910689999999999970e-11 2.650430000000000000e+09
2.498619999999999950e-11 2.726570000000000000e+09
3.267450000000000178e-11 2.780650000000000000e+09
4.272849999999999752e-11 2.818020000000000000e+09
5.587610000000000260e-11 2.842970000000000000e+09
7.306929999999999603e-11 2.859580000000000000e+09
9.555290000000000253e-11 2.870530000000000000e+09
1.249550000000000095e-10 2.877180000000000000e+09
1.634040000000000077e-10 2.880140000000000000e+09
2.136830000000000054e-10 2.879650000000000000e+09
2.794340000000000196e-10 2.875740000000000000e+09
3.654159999999999818e-10 2.868240000000000000e+09
4.778560000000000092e-10 2.856790000000000000e+09
6.248930000000000258e-10 2.840850000000000000e+09
8.171730000000000070e-10 2.819660000000000000e+09
1.068619999999999976e-09 2.792260000000000000e+09
1.397440000000000088e-09 2.757510000000000000e+09
1.827429999999999965e-09 2.714050000000000000e+09
2.389730000000000184e-09 2.660450000000000000e+09
3.125059999999999960e-09 2.595220000000000000e+09
4.086649999999999738e-09 2.517040000000000000e+09
5.344110000000000067e-09 2.424880000000000000e+09
6.988509999999999889e-09 2.318270000000000000e+09
9.138889999999999654e-09 2.197520000000000000e+09
1.195090000000000016e-08 2.063870000000000000e+09
1.562829999999999906e-08 1.919500000000000000e+09
2.043709999999999842e-08 1.767470000000000000e+09
2.672570000000000088e-08 1.611410000000000000e+09
3.494920000000000169e-08 1.455170000000000000e+09
4.570310000000000113e-08 1.302410000000000000e+09
5.976609999999999941e-08 1.156300000000000000e+09
7.815619999999999942e-08 1.019260000000000000e+09
1.022049999999999944e-07 8.929400000000000000e+08
1.336539999999999870e-07 7.782020000000000000e+08
1.747790000000000062e-07 6.752650000000000000e+08
2.285590000000000020e-07 5.838390000000000000e+08
2.988870000000000214e-07 5.032910000000000000e+08
3.908559999999999895e-07 4.327800000000000000e+08
5.111229999999999639e-07 3.713620000000000000e+08
6.683960000000000249e-07 3.180750000000000000e+08
8.740629999999999567e-07 2.719840000000000000e+08
1.143009999999999963e-06 2.322160000000000000e+08
1.494719999999999980e-06 1.979740000000000000e+08
1.954649999999999996e-06 1.685430000000000000e+08
2.556099999999999972e-06 1.432870000000000000e+08
3.342620000000000109e-06 1.216470000000000000e+08
4.371149999999999645e-06 1.031340000000000000e+08
5.716160000000000173e-06 8.731920000000000000e+07
7.475029999999999987e-06 7.382930000000000000e+07
9.775120000000000355e-06 6.233990000000000000e+07
1.278289999999999919e-05 5.256900000000000000e+07
1.671630000000000121e-05 4.427200000000000000e+07
2.185990000000000055e-05 3.723720000000000000e+07
2.858620000000000085e-05 3.128120000000000000e+07
3.738230000000000291e-05 2.624590000000000000e+07
4.888489999999999676e-05 2.199510000000000000e+07
6.392690000000000622e-05 1.841150000000000000e+07
8.359730000000000004e-05 1.539440000000000000e+07
1.093200000000000037e-04 1.285760000000000000e+07
1.429579999999999957e-04 1.072740000000000000e+07
1.869469999999999975e-04 8.940730000000000000e+06
2.444710000000000112e-04 7.444060000000000000e+06
3.196949999999999944e-04 6.191750000000000000e+06
4.180659999999999780e-04 5.145070000000000000e+06
5.467059999999999932e-04 4.271210000000000000e+06
7.149289999999999985e-04 3.542400000000000000e+06
9.349129999999999984e-04 2.935180000000000000e+06
1.222589999999999961e-03 2.429770000000000000e+06
1.598779999999999949e-03 2.009500000000000000e+06
2.090729999999999845e-03 1.660350000000000000e+06
2.734050000000000022e-03 1.370540000000000000e+06
3.575319999999999887e-03 1.130200000000000000e+06
4.675460000000000206e-03 9.310330000000000000e+05
6.114109999999999857e-03 7.661250000000000000e+05
7.995429999999999551e-03 6.296800000000000000e+05
1.045560000000000066e-02 5.168630000000000000e+05
1.367289999999999998e-02 4.236400000000000000e+05
1.788000000000000006e-02 3.466500000000000000e+05
2.338169999999999832e-02 2.830980000000000000e+05
3.057640000000000011e-02 2.306580000000000000e+05
3.998480000000000090e-02 1.874020000000000000e+05
5.228819999999999996e-02 1.517280000000000000e+05
6.837730000000000197e-02 1.223130000000000000e+05
8.941720000000000224e-02 9.806119999999999709e+04
1.169309999999999933e-01 7.807219999999999709e+04
1.529109999999999914e-01 6.160580000000000291e+04
1.999620000000000009e-01 4.805950000000000000e+04
2.614909999999999735e-01 3.694690000000000146e+04
3.419519999999999782e-01 2.788340000000000146e+04
4.471709999999999852e-01 2.057409999999999854e+04
5.847660000000000080e-01 1.480800000000000000e+04
7.647000000000000464e-01 1.045460000000000036e+04
1.000000000000000000e+00 7.381056387703205473e+03
