1.787350000000000120e-08 3.992469999999999709e+04
2.136430000000000159e-08 7.566050000000000000e+04
2.553680000000000140e-08 1.151860000000000000e+05
3.052420000000000012e-08 1.536770000000000000e+05
3.648569999999999696e-08 1.884740000000000000e+05
4.361140000000000100e-08 2.187330000000000000e+05
5.212879999999999891e-08 2.445500000000000000e+05
6.230979999999999591e-08 2.663540000000000000e+05
7.447900000000000140e-08 2.846370000000000000e+05
8.902500000000000473e-08 2.998530000000000000e+05
1.064120000000000002e-07 3.124330000000000000e+05
1.271939999999999940e-07 3.227310000000000000e+05
1.520359999999999990e-07 3.310890000000000000e+05
1.817289999999999989e-07 3.378120000000000000e+05
2.172210000000000100e-07 3.431830000000000000e+05
2.596449999999999933e-07 3.474480000000000000e+05
3.103539999999999745e-07 3.507830000000000000e+05
3.709670000000000157e-07 3.533440000000000000e+05
4.434179999999999807e-07 3.552950000000000000e+05
5.300179999999999753e-07 3.567850000000000000e+05
6.335319999999999849e-07 3.579230000000000000e+05
7.572629999999999696e-07 3.587810000000000000e+05
9.051580000000000376e-07 3.594010000000000000e+05
1.081940000000000012e-06 3.598080000000000000e+05
1.293240000000000005e-06 3.600160000000000000e+05
1.545820000000000008e-06 3.600340000000000000e+05
1.847720000000000031e-06 3.598630000000000000e+05
2.208580000000000206e-06 3.595020000000000000e+05
2.639929999999999896e-06 3.589440000000000000e+05
3.155509999999999964e-06 3.581770000000000000e+05
3.771790000000000186e-06 3.571850000000000000e+05
4.508430000000000303e-06 3.559470000000000000e+05
5.388939999999999602e-06 3.544360000000000000e+05
6.441409999999999709e-06 3.526230000000000000e+05
7.699440000000000605e-06 3.504700000000000000e+05
9.203160000000000838e-06 3.479370000000000000e+05
1.100059999999999934e-05 3.449780000000000000e+05
1.314900000000000065e-05 3.415430000000000000e+05
1.571699999999999877e-05 3.375800000000000000e+05
1.878660000000000068e-05 3.330330000000000000e+05
2.245569999999999915e-05 3.278490000000000000e+05
2.684140000000000020e-05 3.219760000000000000e+05
3.208349999999999868e-05 3.153680000000000000e+05
3.834950000000000273e-05 3.079890000000000000e+05
4.583930000000000003e-05 2.998160000000000000e+05
5.479179999999999945e-05 2.908420000000000000e+05
6.549280000000000422e-05 2.810800000000000000e+05
7.828379999999999746e-05 2.705680000000000000e+05
9.357280000000000643e-05 2.593660000000000000e+05
1.118480000000000038e-04 2.475570000000000000e+05
1.336920000000000068e-04 2.352480000000000000e+05
1.598020000000000126e-04 2.225610000000000000e+05
1.910120000000000069e-04 2.096330000000000000e+05
2.283169999999999894e-04 1.966050000000000000e+05
2.729079999999999831e-04 1.836190000000000000e+05
3.262079999999999776e-04 1.708090000000000000e+05
3.899180000000000029e-04 1.582970000000000000e+05
4.660689999999999993e-04 1.461900000000000000e+05
5.570939999999999486e-04 1.345750000000000000e+05
6.658960000000000226e-04 1.235210000000000000e+05
7.959469999999999740e-04 1.130750000000000000e+05
9.513980000000000006e-04 1.032680000000000000e+05
1.137210000000000044e-03 9.411310000000000582e+04
1.359310000000000076e-03 8.560930000000000291e+04
1.624779999999999931e-03 7.774480000000000291e+04
1.942109999999999930e-03 7.049889999999999418e+04
2.321409999999999880e-03 6.384440000000000146e+04
2.774790000000000069e-03 5.774959999999999854e+04
3.316710000000000057e-03 5.218030000000000291e+04
3.964470000000000320e-03 4.710109999999999854e+04
4.738739999999999966e-03 4.247640000000000146e+04
5.664230000000000133e-03 3.827119999999999709e+04
6.770469999999999787e-03 3.445180000000000291e+04
8.092759999999999190e-03 3.098620000000000073e+04
9.673299999999999260e-03 2.784420000000000073e+04
1.156249999999999986e-02 2.499750000000000000e+04
1.382070000000000000e-02 2.242000000000000000e+04
1.651990000000000056e-02 2.008740000000000146e+04
1.974630000000000135e-02 1.797740000000000146e+04
2.360280000000000017e-02 1.606960000000000036e+04
2.821250000000000147e-02 1.434520000000000073e+04
3.372250000000000247e-02 1.278710000000000036e+04
4.030859999999999999e-02 1.137960000000000036e+04
4.818100000000000160e-02 1.010850000000000000e+04
5.759090000000000042e-02 8.960850000000000364e+03
6.883849999999999691e-02 7.924739999999999782e+03
8.228290000000000604e-02 6.989520000000000437e+03
9.835299999999999598e-02 6.145500000000000000e+03
1.175619999999999998e-01 5.383970000000000255e+03
1.405220000000000080e-01 4.697100000000000364e+03
1.679660000000000042e-01 4.077909999999999854e+03
2.007700000000000040e-01 3.520239999999999782e+03
2.399809999999999999e-01 3.018730000000000018e+03
2.868499999999999939e-01 2.568800000000000182e+03
3.428720000000000101e-01 2.166679999999999836e+03
4.098359999999999781e-01 1.809410000000000082e+03
4.898790000000000089e-01 1.494930000000000064e+03
5.855529999999999902e-01 1.222099999999999909e+03
6.999130000000000074e-01 9.908750000000000000e+02
8.366080000000000183e-01 8.024080000000000155e+02
1.000000000000000000e+00 6.497878535170078749e+02
