2.978920000000000136e-04 2.395449999999999857e+00
3.230870000000000053e-04 3.320310000000000095e+00
3.504110000000000167e-04 4.332609999999999850e+00
3.800470000000000020e-04 5.397160000000000402e+00
4.121899999999999956e-04 6.482770000000000366e+00
4.470499999999999973e-04 7.562429999999999986e+00
4.848599999999999893e-04 8.615309999999999135e+00
5.258660000000000504e-04 9.626810000000000755e+00
5.703410000000000337e-04 1.058769999999999989e+01
6.185780000000000532e-04 1.149310000000000009e+01
6.708929999999999885e-04 1.234120000000000061e+01
7.276340000000000065e-04 1.313230000000000075e+01
7.891730000000000012e-04 1.386800000000000033e+01
8.559169999999999843e-04 1.455059999999999931e+01
9.283060000000000530e-04 1.518280000000000030e+01
1.006820000000000067e-03 1.576730000000000054e+01
1.091970000000000050e-03 1.630709999999999837e+01
1.184319999999999991e-03 1.680470000000000041e+01
1.284479999999999953e-03 1.726289999999999836e+01
1.393120000000000079e-03 1.768339999999999890e+01
1.510939999999999896e-03 1.806990000000000052e+01
1.638729999999999918e-03 1.842419999999999902e+01
1.777319999999999985e-03 1.874790000000000134e+01
1.927639999999999996e-03 1.904329999999999856e+01
2.090670000000000202e-03 1.931230000000000047e+01
2.267490000000000044e-03 1.955679999999999907e+01
2.459260000000000005e-03 1.977860000000000085e+01
2.667249999999999916e-03 1.997939999999999827e+01
2.892829999999999881e-03 2.016079999999999828e+01
3.137490000000000157e-03 2.032450000000000045e+01
3.402839999999999858e-03 2.047190000000000154e+01
3.690629999999999866e-03 2.060450000000000159e+01
4.002770000000000113e-03 2.072350000000000136e+01
4.341300000000000194e-03 2.082989999999999853e+01
4.708460000000000249e-03 2.092460000000000164e+01
5.106679999999999726e-03 2.100850000000000151e+01
5.538580000000000413e-03 2.108230000000000004e+01
6.007000000000000187e-03 2.114709999999999823e+01
6.515039999999999720e-03 2.120370000000000132e+01
7.066039999999999995e-03 2.125309999999999988e+01
7.663650000000000150e-03 2.129599999999999937e+01
8.311799999999999397e-03 2.133330000000000126e+01
9.014770000000000075e-03 2.136540000000000106e+01
9.777189999999999839e-03 2.139290000000000092e+01
1.060409999999999998e-02 2.141619999999999990e+01
1.150089999999999966e-02 2.143550000000000111e+01
1.247359999999999962e-02 2.145120000000000005e+01
1.352860000000000000e-02 2.146330000000000027e+01
1.467270000000000033e-02 2.147190000000000154e+01
1.591369999999999937e-02 2.147710000000000008e+01
1.725959999999999994e-02 2.147909999999999897e+01
1.871930000000000122e-02 2.147769999999999868e+01
2.030250000000000110e-02 2.147299999999999898e+01
2.201950000000000088e-02 2.146490000000000009e+01
2.388180000000000164e-02 2.145339999999999847e+01
2.590160000000000032e-02 2.143840000000000146e+01
2.809220000000000120e-02 2.141989999999999839e+01
3.046810000000000143e-02 2.139760000000000062e+01
3.304490000000000205e-02 2.137150000000000105e+01
3.583970000000000211e-02 2.134140000000000015e+01
3.887079999999999702e-02 2.130720000000000169e+01
4.215830000000000272e-02 2.126869999999999905e+01
4.572380000000000194e-02 2.122550000000000026e+01
4.959090000000000026e-02 2.117760000000000176e+01
5.378499999999999948e-02 2.112450000000000117e+01
5.833390000000000103e-02 2.106609999999999872e+01
6.326740000000000141e-02 2.100199999999999889e+01
6.861829999999999319e-02 2.093189999999999884e+01
7.442160000000000442e-02 2.085539999999999949e+01
8.071580000000000421e-02 2.077209999999999823e+01
8.754230000000000345e-02 2.068159999999999954e+01
9.494610000000000549e-02 2.058350000000000080e+01
1.029759999999999981e-01 2.047729999999999961e+01
1.116850000000000065e-01 2.036240000000000094e+01
1.211310000000000026e-01 2.023849999999999838e+01
1.313759999999999928e-01 2.010480000000000089e+01
1.424870000000000025e-01 1.996099999999999852e+01
1.545370000000000077e-01 1.980649999999999977e+01
1.676070000000000060e-01 1.964059999999999917e+01
1.817830000000000001e-01 1.946280000000000143e+01
1.971569999999999989e-01 1.927250000000000085e+01
2.138309999999999933e-01 1.906909999999999883e+01
2.319160000000000110e-01 1.885219999999999985e+01
2.515299999999999758e-01 1.862130000000000152e+01
2.728030000000000177e-01 1.837580000000000169e+01
2.958749999999999991e-01 1.811550000000000082e+01
3.208989999999999898e-01 1.784009999999999962e+01
3.480389999999999873e-01 1.754939999999999856e+01
3.774739999999999762e-01 1.724350000000000094e+01
4.093990000000000129e-01 1.692259999999999920e+01
4.440230000000000010e-01 1.658709999999999951e+01
4.815769999999999773e-01 1.623770000000000024e+01
5.223060000000000480e-01 1.587560000000000038e+01
5.664789999999999548e-01 1.550229999999999997e+01
6.143889999999999629e-01 1.511979999999999968e+01
6.663510000000000266e-01 1.473070000000000057e+01
7.227069999999999883e-01 1.433820000000000050e+01
7.838300000000000267e-01 1.394650000000000034e+01
8.501220000000000443e-01 1.356060000000000088e+01
9.220209999999999795e-01 1.318670000000000009e+01
1.000000000000000000e+00 1.282311313077050130e+01
