1.489460000000000045e-10 4.790970000000000000e+06
1.867669999999999921e-10 1.033560000000000000e+07
2.341899999999999947e-10 1.634360000000000000e+07
2.936560000000000145e-10 2.184530000000000000e+07
3.682210000000000047e-10 2.649380000000000000e+07
4.617189999999999748e-10 3.029190000000000000e+07
5.789590000000000270e-10 3.334770000000000000e+07
7.259680000000000102e-10 3.577780000000000000e+07
9.103059999999999996e-10 3.768910000000000000e+07
1.141450000000000024e-09 3.916980000000000000e+07
1.431289999999999924e-09 4.030070000000000000e+07
1.794719999999999981e-09 4.115380000000000000e+07
2.250430000000000055e-09 4.179050000000000000e+07
2.821860000000000014e-09 4.225440000000000000e+07
3.538389999999999813e-09 4.258420000000000000e+07
4.436849999999999625e-09 4.281810000000000000e+07
5.563460000000000142e-09 4.298410000000000000e+07
6.976129999999999980e-09 4.309860000000000000e+07
8.747509999999999295e-09 4.317010000000000000e+07
1.096870000000000080e-08 4.320290000000000000e+07
1.375379999999999939e-08 4.319900000000000000e+07
1.724619999999999862e-08 4.315860000000000000e+07
2.162529999999999976e-08 4.308060000000000000e+07
2.711640000000000120e-08 4.296260000000000000e+07
3.400179999999999812e-08 4.280050000000000000e+07
4.263559999999999699e-08 4.258870000000000000e+07
5.346159999999999745e-08 4.232010000000000000e+07
6.703650000000000606e-08 4.198620000000000000e+07
8.405840000000000577e-08 4.157680000000000000e+07
1.054029999999999943e-07 4.108020000000000000e+07
1.321659999999999938e-07 4.048380000000000000e+07
1.657260000000000111e-07 3.977430000000000000e+07
2.078070000000000026e-07 3.893860000000000000e+07
2.605729999999999868e-07 3.796460000000000000e+07
3.267380000000000238e-07 3.684270000000000000e+07
4.097029999999999994e-07 3.556740000000000000e+07
5.137349999999999611e-07 3.413820000000000000e+07
6.441820000000000438e-07 3.256140000000000000e+07
8.077529999999999936e-07 3.085060000000000000e+07
1.012860000000000032e-06 2.902680000000000000e+07
1.270039999999999956e-06 2.711740000000000000e+07
1.592529999999999980e-06 2.515430000000000000e+07
1.996899999999999888e-06 2.317210000000000000e+07
2.503959999999999824e-06 2.120510000000000000e+07
3.139760000000000158e-06 1.928510000000000000e+07
3.937009999999999597e-06 1.743950000000000000e+07
4.936689999999999824e-06 1.569010000000000000e+07
6.190210000000000318e-06 1.405230000000000000e+07
7.762029999999999950e-06 1.253590000000000000e+07
9.732960000000000407e-06 1.114520000000000000e+07
1.220439999999999957e-05 9.880070000000000000e+06
1.530329999999999966e-05 8.736890000000000000e+06
1.918909999999999895e-05 7.709720000000000000e+06
2.406160000000000015e-05 6.791020000000000000e+06
3.017130000000000029e-05 5.972420000000000000e+06
3.783230000000000029e-05 5.245230000000000000e+06
4.743869999999999695e-05 4.600820000000000000e+06
5.948430000000000237e-05 4.030940000000000000e+06
7.458859999999999937e-05 3.527810000000000000e+06
9.352809999999999650e-05 3.084270000000000000e+06
1.172769999999999954e-04 2.693750000000000000e+06
1.470560000000000096e-04 2.350330000000000000e+06
1.843960000000000011e-04 2.048650000000000000e+06
2.312179999999999943e-04 1.783930000000000000e+06
2.899280000000000065e-04 1.551880000000000000e+06
3.635469999999999804e-04 1.348680000000000000e+06
4.558580000000000119e-04 1.170940000000000000e+06
5.716099999999999567e-04 1.015630000000000000e+06
7.167529999999999865e-04 8.800590000000000000e+05
8.987510000000000420e-04 7.618460000000000000e+05
1.126959999999999984e-03 6.588770000000000000e+05
1.413119999999999914e-03 5.692780000000000000e+05
1.771940000000000060e-03 4.913930000000000000e+05
2.221869999999999921e-03 4.237580000000000000e+05
2.786040000000000044e-03 3.650810000000000000e+05
3.493469999999999822e-03 3.142250000000000000e+05
4.380529999999999667e-03 2.701860000000000000e+05
5.492839999999999702e-03 2.320840000000000000e+05
6.887579999999999918e-03 1.991460000000000000e+05
8.636470000000000258e-03 1.706940000000000000e+05
1.082939999999999944e-02 1.461370000000000000e+05
1.357919999999999960e-02 1.249540000000000000e+05
1.702729999999999869e-02 1.066930000000000000e+05
2.135079999999999964e-02 9.096119999999999709e+04
2.677219999999999947e-02 7.741350000000000000e+04
3.357020000000000143e-02 6.575160000000000582e+04
4.209439999999999710e-02 5.571650000000000000e+04
5.278299999999999659e-02 4.708330000000000291e+04
6.618559999999999721e-02 3.965769999999999709e+04
8.299140000000000683e-02 3.327169999999999709e+04
1.040650000000000047e-01 2.778070000000000073e+04
1.304889999999999939e-01 2.306079999999999927e+04
1.636219999999999897e-01 1.900609999999999854e+04
2.051689999999999903e-01 1.552710000000000036e+04
2.572659999999999947e-01 1.254879999999999927e+04
3.225899999999999879e-01 1.000979999999999927e+04
4.045019999999999727e-01 7.861229999999999563e+03
5.072140000000000537e-01 6.066729999999999563e+03
6.360050000000000425e-01 4.602250000000000000e+03
7.974989999999999579e-01 3.456900000000000091e+03
1.000000000000000000e+00 2.596588497296431797e+03
