2.978920000000000090e-10 2.395480000000000000e+06
3.709530000000000217e-10 5.076150000000000000e+06
4.619319999999999926e-10 7.991760000000000000e+06
5.752250000000000480e-10 1.068680000000000000e+07
7.163040000000000320e-10 1.298570000000000000e+07
8.919829999999999792e-10 1.488060000000000000e+07
1.110749999999999912e-09 1.641810000000000000e+07
1.383170000000000095e-09 1.765190000000000000e+07
1.722399999999999966e-09 1.863200000000000000e+07
2.144839999999999802e-09 1.939990000000000000e+07
2.670880000000000190e-09 1.999360000000000000e+07
3.325929999999999908e-09 2.044670000000000000e+07
4.141640000000000186e-09 2.078930000000000000e+07
5.157410000000000288e-09 2.104400000000000000e+07
6.422309999999999921e-09 2.122830000000000000e+07
7.997430000000000165e-09 2.136020000000000000e+07
9.958869999999999959e-09 2.145500000000000000e+07
1.240139999999999980e-08 2.152240000000000000e+07
1.544289999999999927e-08 2.156790000000000000e+07
1.923039999999999927e-08 2.159420000000000000e+07
2.394679999999999841e-08 2.160290000000000000e+07
2.981999999999999835e-08 2.159440000000000000e+07
3.713349999999999962e-08 2.156870000000000000e+07
4.624089999999999818e-08 2.152510000000000000e+07
5.758180000000000148e-08 2.146210000000000000e+07
7.170420000000000226e-08 2.137780000000000000e+07
8.929030000000000381e-08 2.126940000000000000e+07
1.111890000000000039e-07 2.113370000000000000e+07
1.384600000000000103e-07 2.096640000000000000e+07
1.724180000000000024e-07 2.076290000000000000e+07
2.147049999999999893e-07 2.051790000000000000e+07
2.673630000000000099e-07 2.022540000000000000e+07
3.329360000000000108e-07 1.987950000000000000e+07
4.145909999999999833e-07 1.947420000000000000e+07
5.162730000000000332e-07 1.900400000000000000e+07
6.428930000000000380e-07 1.846440000000000000e+07
8.005679999999999726e-07 1.785280000000000000e+07
9.969139999999998965e-07 1.716880000000000000e+07
1.241409999999999944e-06 1.641480000000000000e+07
1.545879999999999970e-06 1.559660000000000000e+07
1.925019999999999909e-06 1.472320000000000000e+07
2.397149999999999995e-06 1.380630000000000000e+07
2.985070000000000034e-06 1.286020000000000000e+07
3.717180000000000043e-06 1.190040000000000000e+07
4.628849999999999736e-06 1.094280000000000000e+07
5.764120000000000134e-06 1.000220000000000000e+07
7.177809999999999976e-06 9.092020000000000000e+06
8.938230000000000648e-06 8.223190000000000000e+06
1.113039999999999935e-05 7.403990000000000000e+06
1.386019999999999987e-05 6.640030000000000000e+06
1.725959999999999989e-05 5.934400000000000000e+06
2.149260000000000154e-05 5.288040000000000000e+06
2.676379999999999946e-05 4.700100000000000000e+06
3.332790000000000324e-05 4.168440000000000000e+06
4.150180000000000302e-05 3.690030000000000000e+06
5.168050000000000096e-05 3.261260000000000000e+06
6.435560000000000434e-05 2.878230000000000000e+06
8.013929999999999350e-05 2.536980000000000000e+06
9.979409999999999377e-05 2.233620000000000000e+06
1.242690000000000125e-04 1.964440000000000000e+06
1.547479999999999895e-04 1.725950000000000000e+06
1.927010000000000105e-04 1.514930000000000000e+06
2.399620000000000041e-04 1.328440000000000000e+06
2.988150000000000181e-04 1.163800000000000000e+06
3.721020000000000230e-04 1.018610000000000000e+06
4.633619999999999861e-04 8.907000000000000000e+05
5.770060000000000250e-04 7.781190000000000000e+05
7.185209999999999601e-04 6.791300000000000000e+05
8.947449999999999588e-04 5.921760000000000000e+05
1.114189999999999929e-03 5.158700000000000000e+05
1.387449999999999925e-03 4.489730000000000000e+05
1.727739999999999962e-03 3.903830000000000000e+05
2.151479999999999886e-03 3.391170000000000000e+05
2.679139999999999994e-03 2.943040000000000000e+05
3.336229999999999925e-03 2.551660000000000000e+05
4.154459999999999577e-03 2.210180000000000000e+05
5.173379999999999992e-03 1.912480000000000000e+05
6.442190000000000416e-03 1.653190000000000000e+05
8.022190000000000223e-03 1.427520000000000000e+05
9.989700000000000663e-03 1.231260000000000000e+05
1.243980000000000086e-02 1.060710000000000000e+05
1.549069999999999961e-02 9.125969999999999709e+04
1.928989999999999871e-02 7.840439999999999418e+04
2.402090000000000128e-02 6.725280000000000291e+04
2.991229999999999931e-02 5.758350000000000000e+04
3.724849999999999689e-02 4.920280000000000291e+04
4.638400000000000162e-02 4.194119999999999709e+04
5.776010000000000172e-02 3.565069999999999709e+04
7.192619999999999569e-02 3.020250000000000000e+04
8.956669999999999909e-02 2.548450000000000000e+04
1.115339999999999943e-01 2.139990000000000146e+04
1.388880000000000114e-01 1.786470000000000073e+04
1.729519999999999946e-01 1.480729999999999927e+04
2.153690000000000049e-01 1.216660000000000036e+04
2.681910000000000127e-01 9.891510000000000218e+03
3.339670000000000138e-01 7.940000000000000000e+03
4.158749999999999947e-01 6.278899999999999636e+03
5.178709999999999702e-01 4.883710000000000036e+03
6.448829999999999840e-01 3.738829999999999927e+03
8.030460000000000376e-01 2.838179999999999836e+03
1.000000000000000000e+00 2.154487847640716609e+03
