1.787350000000000050e-03 3.978349999999999942e-01
1.904099999999999933e-03 5.159719999999999862e-01
2.028460000000000159e-03 6.437040000000000539e-01
2.160950000000000024e-03 7.780550000000000521e-01
2.302090000000000126e-03 9.165309999999999846e-01
2.452450000000000116e-03 1.056640000000000024e+00
2.612629999999999900e-03 1.196339999999999959e+00
2.783270000000000015e-03 1.333849999999999980e+00
2.965059999999999831e-03 1.467789999999999928e+00
3.158719999999999844e-03 1.597159999999999913e+00
3.365040000000000132e-03 1.721300000000000052e+00
3.584819999999999847e-03 1.839779999999999971e+00
3.818960000000000150e-03 1.952399999999999913e+00
4.068399999999999794e-03 2.059089999999999865e+00
4.334120000000000333e-03 2.159920000000000062e+00
4.617210000000000064e-03 2.254989999999999828e+00
4.918780000000000201e-03 2.344500000000000028e+00
5.240039999999999629e-03 2.428620000000000001e+00
5.582300000000000109e-03 2.507579999999999920e+00
5.946899999999999756e-03 2.581580000000000208e+00
6.335320000000000187e-03 2.650840000000000085e+00
6.749110000000000005e-03 2.715580000000000105e+00
7.189929999999999759e-03 2.775990000000000180e+00
7.659530000000000331e-03 2.832279999999999909e+00
8.159809999999999980e-03 2.884560000000000013e+00
8.692770000000000705e-03 2.933089999999999975e+00
9.260529999999999456e-03 2.978060000000000151e+00
9.865379999999999983e-03 3.019629999999999814e+00
1.050970000000000029e-02 3.057879999999999932e+00
1.119619999999999990e-02 3.092970000000000219e+00
1.192739999999999946e-02 3.125070000000000014e+00
1.270650000000000078e-02 3.154310000000000169e+00
1.353640000000000052e-02 3.180800000000000072e+00
1.442049999999999929e-02 3.204670000000000130e+00
1.536240000000000001e-02 3.226049999999999862e+00
1.636579999999999979e-02 3.245039999999999925e+00
1.743470000000000089e-02 3.261740000000000084e+00
1.857349999999999973e-02 3.276279999999999859e+00
1.978660000000000141e-02 3.288720000000000088e+00
2.107890000000000111e-02 3.299179999999999779e+00
2.245569999999999858e-02 3.307720000000000216e+00
2.392239999999999991e-02 3.314420000000000144e+00
2.548490000000000130e-02 3.319329999999999892e+00
2.714940000000000062e-02 3.322480000000000100e+00
2.892259999999999970e-02 3.323910000000000142e+00
3.081170000000000089e-02 3.323650000000000215e+00
3.282419999999999782e-02 3.321730000000000071e+00
3.496810000000000196e-02 3.318179999999999907e+00
3.725200000000000039e-02 3.313039999999999985e+00
3.968510000000000093e-02 3.306350000000000122e+00
4.227709999999999801e-02 3.298109999999999875e+00
4.503839999999999927e-02 3.288339999999999819e+00
4.798009999999999775e-02 3.277060000000000084e+00
5.111389999999999684e-02 3.264260000000000161e+00
5.445239999999999803e-02 3.249919999999999920e+00
5.800890000000000213e-02 3.234039999999999804e+00
6.179779999999999995e-02 3.216579999999999995e+00
6.583410000000000650e-02 3.197499999999999787e+00
7.013400000000000190e-02 3.176769999999999872e+00
7.471479999999999788e-02 3.154319999999999791e+00
7.959470000000000434e-02 3.130110000000000170e+00
8.479340000000000488e-02 3.104060000000000041e+00
9.033170000000000088e-02 3.076130000000000031e+00
9.623170000000000335e-02 3.046229999999999993e+00
1.025169999999999970e-01 3.014289999999999914e+00
1.092130000000000045e-01 2.980249999999999844e+00
1.163460000000000050e-01 2.944020000000000081e+00
1.239449999999999996e-01 2.905510000000000037e+00
1.320409999999999917e-01 2.864660000000000206e+00
1.406650000000000122e-01 2.821379999999999999e+00
1.498520000000000130e-01 2.775599999999999845e+00
1.596400000000000041e-01 2.727219999999999978e+00
1.700669999999999960e-01 2.676190000000000069e+00
1.811740000000000017e-01 2.622419999999999973e+00
1.930080000000000129e-01 2.565859999999999808e+00
2.056139999999999912e-01 2.506440000000000001e+00
2.190439999999999887e-01 2.444109999999999783e+00
2.333500000000000019e-01 2.378859999999999975e+00
2.485920000000000074e-01 2.310639999999999805e+00
2.648280000000000078e-01 2.239469999999999850e+00
2.821250000000000147e-01 2.165350000000000108e+00
3.005519999999999858e-01 2.088350000000000151e+00
3.201829999999999954e-01 2.008539999999999992e+00
3.410949999999999815e-01 1.926029999999999909e+00
3.633739999999999748e-01 1.840980000000000061e+00
3.871080000000000076e-01 1.753609999999999891e+00
4.123910000000000076e-01 1.664190000000000058e+00
4.393270000000000231e-01 1.573050000000000059e+00
4.680210000000000203e-01 1.480629999999999891e+00
4.985899999999999777e-01 1.387420000000000098e+00
5.311550000000000438e-01 1.294059999999999988e+00
5.658469999999999889e-01 1.201279999999999903e+00
6.028050000000000352e-01 1.109960000000000058e+00
6.421769999999999978e-01 1.021139999999999937e+00
6.841209999999999791e-01 9.360559999999999992e-01
7.288040000000000074e-01 8.561260000000000536e-01
7.764050000000000118e-01 7.830249999999999710e-01
8.271159999999999624e-01 7.186810000000000143e-01
8.811390000000000056e-01 6.653350000000000097e-01
9.386900000000000244e-01 6.255690000000000417e-01
1.000000000000000000e+00 5.881796951388577055e-01
