4.468390000000000221e-10 1.596990000000000000e+06
5.541780000000000275e-10 3.348420000000000000e+06
6.873020000000000116e-10 5.257270000000000000e+06
8.524060000000000237e-10 7.031180000000000000e+06
1.057169999999999980e-09 8.553090000000000000e+06
1.311119999999999914e-09 9.814050000000000000e+06
1.626080000000000034e-09 1.084230000000000000e+07
2.016699999999999870e-09 1.167190000000000000e+07
2.501139999999999906e-09 1.233440000000000000e+07
3.101970000000000198e-09 1.285700000000000000e+07
3.847119999999999842e-09 1.326380000000000000e+07
4.771270000000000213e-09 1.357650000000000000e+07
5.917420000000000024e-09 1.381450000000000000e+07
7.338899999999999958e-09 1.399340000000000000e+07
9.101849999999999542e-09 1.412430000000000000e+07
1.128829999999999958e-08 1.421860000000000000e+07
1.399999999999999963e-08 1.428680000000000000e+07
1.736300000000000136e-08 1.433590000000000000e+07
2.153390000000000067e-08 1.437010000000000000e+07
2.670680000000000129e-08 1.439150000000000000e+07
3.312230000000000007e-08 1.440120000000000000e+07
4.107890000000000132e-08 1.439990000000000000e+07
5.094690000000000074e-08 1.438760000000000000e+07
6.318529999999999604e-08 1.436400000000000000e+07
7.836360000000000431e-08 1.432840000000000000e+07
9.718810000000000191e-08 1.427980000000000000e+07
1.205349999999999871e-07 1.421650000000000000e+07
1.494889999999999961e-07 1.413680000000000000e+07
1.854000000000000058e-07 1.403820000000000000e+07
2.299360000000000017e-07 1.391790000000000000e+07
2.851709999999999798e-07 1.377290000000000000e+07
3.536749999999999956e-07 1.359950000000000000e+07
4.386340000000000088e-07 1.339400000000000000e+07
5.440029999999999777e-07 1.315260000000000000e+07
6.746830000000000335e-07 1.287160000000000000e+07
8.367539999999999765e-07 1.254770000000000000e+07
1.037759999999999996e-06 1.217860000000000000e+07
1.287050000000000027e-06 1.176290000000000000e+07
1.596219999999999982e-06 1.130110000000000000e+07
1.979669999999999886e-06 1.079510000000000000e+07
2.455219999999999932e-06 1.024930000000000000e+07
3.045009999999999921e-06 9.669760000000000000e+06
3.776480000000000052e-06 9.064460000000000000e+06
4.683670000000000170e-06 8.442580000000000000e+06
5.808769999999999782e-06 7.814000000000000000e+06
7.204150000000000304e-06 7.188640000000000000e+06
8.934729999999999750e-06 6.575790000000000000e+06
1.108099999999999945e-05 5.983610000000000000e+06
1.374290000000000017e-05 5.418790000000000000e+06
1.704419999999999853e-05 4.886340000000000000e+06
2.113860000000000120e-05 4.389630000000000000e+06
2.621649999999999878e-05 3.930480000000000000e+06
3.251410000000000097e-05 3.509400000000000000e+06
4.032469999999999696e-05 3.125800000000000000e+06
5.001140000000000029e-05 2.778330000000000000e+06
6.202520000000000375e-05 2.465050000000000000e+06
7.692479999999999912e-05 2.183690000000000000e+06
9.540359999999999574e-05 1.931790000000000000e+06
1.183209999999999942e-04 1.706870000000000000e+06
1.467440000000000031e-04 1.506450000000000000e+06
1.819950000000000083e-04 1.328190000000000000e+06
2.257139999999999873e-04 1.169870000000000000e+06
2.799349999999999820e-04 1.029450000000000000e+06
3.471810000000000087e-04 9.050440000000000000e+05
4.305800000000000144e-04 7.949410000000000000e+05
5.340139999999999731e-04 6.975960000000000000e+05
6.622950000000000278e-04 6.116130000000000000e+05
8.213909999999999831e-04 5.357380000000000000e+05
1.018699999999999987e-03 4.688450000000000000e+05
1.263419999999999908e-03 4.099270000000000000e+05
1.566909999999999917e-03 3.580810000000000000e+05
1.943319999999999900e-03 3.125010000000000000e+05
2.410139999999999852e-03 2.724680000000000000e+05
2.989100000000000177e-03 2.373380000000000000e+05
3.707139999999999828e-03 2.065390000000000000e+05
4.597669999999999882e-03 1.795610000000000000e+05
5.702119999999999758e-03 1.559510000000000000e+05
7.071880000000000006e-03 1.353050000000000000e+05
8.770679999999999449e-03 1.172650000000000000e+05
1.087759999999999942e-02 1.015140000000000000e+05
1.349060000000000016e-02 8.777119999999999709e+04
1.673130000000000103e-02 7.578869999999999709e+04
2.075039999999999871e-02 6.534700000000000000e+04
2.573510000000000034e-02 5.625259999999999854e+04
3.191719999999999974e-02 4.833519999999999709e+04
3.958430000000000282e-02 4.144509999999999854e+04
4.909319999999999656e-02 3.545069999999999709e+04
6.088629999999999737e-02 3.023690000000000146e+04
7.551239999999999342e-02 2.570279999999999927e+04
9.365189999999999626e-02 2.176059999999999854e+04
1.161490000000000022e-01 1.833370000000000073e+04
1.440500000000000114e-01 1.535589999999999964e+04
1.786540000000000072e-01 1.277050000000000000e+04
2.215699999999999892e-01 1.052889999999999964e+04
2.747950000000000115e-01 8.590360000000000582e+03
3.408059999999999978e-01 6.921600000000000364e+03
4.226739999999999942e-01 5.496300000000000182e+03
5.242090000000000360e-01 4.295239999999999782e+03
6.501339999999999897e-01 3.306449999999999818e+03
8.063090000000000535e-01 2.525860000000000127e+03
1.000000000000000000e+00 1.929553217899666606e+03
