8.936770000000000097e-12 7.984950000000000000e+07
1.152570000000000046e-11 1.847240000000000000e+08
1.486469999999999986e-11 2.963540000000000000e+08
1.917099999999999899e-11 3.947060000000000000e+08
2.472480000000000144e-11 4.747070000000000000e+08
3.188760000000000319e-11 5.378510000000000000e+08
4.112539999999999842e-11 5.869020000000000000e+08
5.303930000000000160e-11 6.244660000000000000e+08
6.840479999999999626e-11 6.527250000000000000e+08
8.822149999999999360e-11 6.736020000000000000e+08
1.137789999999999981e-10 6.887870000000000000e+08
1.467410000000000106e-10 6.996590000000000000e+08
1.892510000000000013e-10 7.071830000000000000e+08
2.440770000000000248e-10 7.122950000000000000e+08
3.147860000000000233e-10 7.157770000000000000e+08
4.059790000000000205e-10 7.181010000000000000e+08
5.235909999999999552e-10 7.194980000000000000e+08
6.752740000000000196e-10 7.200760000000000000e+08
8.708999999999999601e-10 7.198820000000000000e+08
1.123200000000000009e-09 7.189160000000000000e+08
1.448590000000000061e-09 7.171430000000000000e+08
1.868240000000000158e-09 7.144870000000000000e+08
2.409469999999999952e-09 7.108340000000000000e+08
3.107489999999999988e-09 7.060270000000000000e+08
4.007720000000000301e-09 6.998700000000000000e+08
5.168750000000000375e-09 6.921240000000000000e+08
6.666130000000000016e-09 6.825140000000000000e+08
8.597300000000000493e-09 6.707360000000000000e+08
1.108789999999999932e-08 6.564760000000000000e+08
1.430009999999999945e-08 6.394300000000000000e+08
1.844280000000000087e-08 6.193420000000000000e+08
2.378560000000000025e-08 5.960450000000000000e+08
3.067629999999999921e-08 5.695020000000000000e+08
3.956319999999999920e-08 5.398490000000000000e+08
5.102460000000000018e-08 5.074150000000000000e+08
6.580630000000000342e-08 4.727230000000000000e+08
8.487029999999999467e-08 4.364560000000000000e+08
1.094569999999999987e-07 3.994030000000000000e+08
1.411670000000000093e-07 3.623850000000000000e+08
1.820620000000000060e-07 3.261780000000000000e+08
2.348059999999999917e-07 2.914570000000000000e+08
3.028280000000000168e-07 2.587470000000000000e+08
3.905569999999999946e-07 2.284140000000000000e+08
5.037009999999999653e-07 2.006650000000000000e+08
6.496229999999999931e-07 1.755710000000000000e+08
8.378180000000000183e-07 1.530930000000000000e+08
1.080530000000000054e-06 1.331140000000000000e+08
1.393560000000000046e-06 1.154670000000000000e+08
1.797269999999999946e-06 9.995760000000000000e+07
2.317940000000000121e-06 8.637940000000000000e+07
2.989439999999999960e-06 7.452910000000000000e+07
3.855480000000000057e-06 6.421260000000000000e+07
4.972409999999999882e-06 5.524970000000000000e+07
6.412909999999999897e-06 4.747630000000000000e+07
8.270719999999999987e-06 4.074500000000000000e+07
1.066670000000000072e-05 3.492440000000000000e+07
1.375690000000000037e-05 2.989810000000000000e+07
1.774220000000000099e-05 2.556360000000000000e+07
2.288209999999999900e-05 2.183070000000000000e+07
2.951099999999999917e-05 1.862010000000000000e+07
3.806029999999999879e-05 1.586250000000000000e+07
4.908629999999999791e-05 1.349720000000000000e+07
6.330659999999999456e-05 1.147110000000000000e+07
8.164639999999999810e-05 9.737960000000000000e+06
1.052989999999999959e-04 8.257310000000000000e+06
1.358040000000000028e-04 6.994040000000000000e+06
1.751470000000000088e-04 5.917630000000000000e+06
2.258860000000000121e-04 5.001580000000000000e+06
2.913249999999999932e-04 4.222960000000000000e+06
3.757209999999999760e-04 3.561950000000000000e+06
4.845669999999999839e-04 3.001410000000000000e+06
6.249460000000000301e-04 2.526620000000000000e+06
8.059919999999999498e-04 2.124900000000000000e+06
1.039489999999999902e-03 1.785350000000000000e+06
1.340620000000000049e-03 1.498640000000000000e+06
1.729000000000000068e-03 1.256790000000000000e+06
2.229889999999999997e-03 1.052980000000000000e+06
2.875889999999999870e-03 8.813660000000000000e+05
3.709029999999999879e-03 7.370000000000000000e+05
4.783520000000000306e-03 6.156540000000000000e+05
6.169299999999999957e-03 5.137370000000000000e+05
7.956539999999999793e-03 4.282030000000000000e+05
1.026149999999999979e-02 3.564680000000000000e+05
1.323429999999999919e-02 2.963440000000000000e+05
1.706819999999999865e-02 2.459800000000000000e+05
2.201289999999999844e-02 2.038140000000000000e+05
2.838999999999999857e-02 1.685270000000000000e+05
3.661450000000000121e-02 1.390050000000000000e+05
4.722169999999999840e-02 1.143150000000000000e+05
6.090179999999999899e-02 9.366780000000000291e+04
7.854490000000000083e-02 7.640510000000000582e+04
1.012990000000000002e-01 6.197430000000000291e+04
1.306460000000000121e-01 4.991490000000000146e+04
1.684930000000000039e-01 3.984459999999999854e+04
2.173059999999999992e-01 3.144879999999999927e+04
2.802589999999999804e-01 2.447170000000000073e+04
3.614490000000000203e-01 1.871000000000000000e+04
4.661600000000000188e-01 1.400810000000000036e+04
6.012060000000000182e-01 1.025620000000000073e+04
7.753750000000000364e-01 7.389729999999999563e+03
1.000000000000000000e+00 5.324404281105547852e+03
