4.468389999999999819e-04 1.596959999999999935e+00
4.826690000000000234e-04 2.181160000000000210e+00
5.213719999999999813e-04 2.819100000000000161e+00
5.631790000000000233e-04 3.490390000000000104e+00
6.083380000000000428e-04 4.176949999999999719e+00
6.571180000000000467e-04 4.862829999999999764e+00
7.098090000000000475e-04 5.535280000000000200e+00
7.667260000000000178e-04 6.185030000000000250e+00
8.282069999999999666e-04 6.805900000000000283e+00
8.946170000000000034e-04 7.394330000000000069e+00
9.663529999999999820e-04 7.948610000000000397e+00
1.043840000000000089e-03 8.468439999999999301e+00
1.127540000000000009e-03 8.954390000000000072e+00
1.217949999999999979e-03 9.407560000000000144e+00
1.315619999999999984e-03 9.829349999999999810e+00
1.421109999999999951e-03 1.022129999999999939e+01
1.535059999999999984e-03 1.058500000000000085e+01
1.658160000000000103e-03 1.092210000000000036e+01
1.791119999999999995e-03 1.123399999999999999e+01
1.934739999999999897e-03 1.152239999999999931e+01
2.089880000000000123e-03 1.178810000000000002e+01
2.257460000000000196e-03 1.203330000000000055e+01
2.438469999999999874e-03 1.225900000000000034e+01
2.634000000000000057e-03 1.246620000000000061e+01
2.845209999999999927e-03 1.265610000000000035e+01
3.073359999999999807e-03 1.282990000000000030e+01
3.319799999999999921e-03 1.298859999999999992e+01
3.586000000000000212e-03 1.313330000000000020e+01
3.873539999999999969e-03 1.326490000000000080e+01
4.184150000000000195e-03 1.338449999999999918e+01
4.519659999999999997e-03 1.349290000000000056e+01
4.882069999999999639e-03 1.359110000000000085e+01
5.273540000000000172e-03 1.367980000000000018e+01
5.696409999999999842e-03 1.375990000000000002e+01
6.153180000000000281e-03 1.383189999999999920e+01
6.646580000000000023e-03 1.389649999999999963e+01
7.179539999999999880e-03 1.395400000000000063e+01
7.755240000000000050e-03 1.400510000000000055e+01
8.377100000000000171e-03 1.405010000000000048e+01
9.048820000000000821e-03 1.408970000000000056e+01
9.774410000000000737e-03 1.412439999999999962e+01
1.055820000000000022e-02 1.415460000000000029e+01
1.140479999999999966e-02 1.418089999999999939e+01
1.231930000000000004e-02 1.420369999999999955e+01
1.330710000000000053e-02 1.422320000000000029e+01
1.437420000000000017e-02 1.423980000000000068e+01
1.552680000000000032e-02 1.425370000000000026e+01
1.677179999999999990e-02 1.426500000000000057e+01
1.811669999999999947e-02 1.427389999999999937e+01
1.956940000000000068e-02 1.428040000000000020e+01
2.113860000000000045e-02 1.428459999999999930e+01
2.283359999999999904e-02 1.428659999999999997e+01
2.466449999999999892e-02 1.428640000000000043e+01
2.664220000000000130e-02 1.428389999999999915e+01
2.877860000000000140e-02 1.427919999999999945e+01
3.108620000000000133e-02 1.427219999999999978e+01
3.357890000000000180e-02 1.426290000000000013e+01
3.627140000000000225e-02 1.425120000000000076e+01
3.917989999999999667e-02 1.423709999999999987e+01
4.232160000000000089e-02 1.422049999999999947e+01
4.571519999999999750e-02 1.420120000000000005e+01
4.938089999999999841e-02 1.417929999999999957e+01
5.334049999999999903e-02 1.415450000000000053e+01
5.761770000000000086e-02 1.412669999999999959e+01
6.223780000000000284e-02 1.409580000000000055e+01
6.722839999999999372e-02 1.406170000000000009e+01
7.261919999999999487e-02 1.402410000000000068e+01
7.844220000000000359e-02 1.398290000000000077e+01
8.473219999999999363e-02 1.393790000000000084e+01
9.152649999999999675e-02 1.388889999999999958e+01
9.886559999999999793e-02 1.383559999999999945e+01
1.067929999999999990e-01 1.377769999999999939e+01
1.153570000000000012e-01 1.371509999999999962e+01
1.246069999999999955e-01 1.364750000000000085e+01
1.345979999999999954e-01 1.357460000000000022e+01
1.453909999999999925e-01 1.349610000000000021e+01
1.570489999999999942e-01 1.341159999999999997e+01
1.696429999999999882e-01 1.332099999999999973e+01
1.832449999999999912e-01 1.322380000000000067e+01
1.979390000000000038e-01 1.311979999999999968e+01
2.138110000000000011e-01 1.300869999999999926e+01
2.309559999999999946e-01 1.289010000000000034e+01
2.494750000000000023e-01 1.276370000000000005e+01
2.694790000000000241e-01 1.262940000000000040e+01
2.910880000000000134e-01 1.248690000000000033e+01
3.144290000000000140e-01 1.233590000000000053e+01
3.396419999999999995e-01 1.217639999999999922e+01
3.668759999999999799e-01 1.200830000000000020e+01
3.962950000000000084e-01 1.183150000000000013e+01
4.280720000000000081e-01 1.164630000000000010e+01
4.623970000000000025e-01 1.145299999999999940e+01
4.994750000000000023e-01 1.125179999999999936e+01
5.395259999999999501e-01 1.104349999999999987e+01
5.827879999999999727e-01 1.082900000000000063e+01
6.295190000000000508e-01 1.060929999999999929e+01
6.799979999999999913e-01 1.038589999999999947e+01
7.345239999999999547e-01 1.016080000000000005e+01
7.934229999999999894e-01 9.936199999999999477e+00
8.570440000000000280e-01 9.715059999999999363e+00
9.257670000000000066e-01 9.500870000000000815e+00
1.000000000000000000e+00 9.291403979313582084e+00
