2.978919999999999932e-05 2.395339999999999847e+01
3.306120000000000120e-05 3.600180000000000291e+01
3.669260000000000170e-05 4.931900000000000261e+01
4.072280000000000252e-05 6.320190000000000197e+01
4.519569999999999827e-05 7.705400000000000205e+01
5.015990000000000064e-05 9.043189999999999884e+01
5.566929999999999909e-05 1.030589999999999975e+02
6.178389999999999642e-05 1.147930000000000064e+02
6.857009999999999592e-05 1.255859999999999985e+02
7.610170000000000357e-05 1.354470000000000027e+02
8.446049999999999543e-05 1.444159999999999968e+02
9.373740000000000143e-05 1.525459999999999923e+02
1.040329999999999982e-04 1.598979999999999961e+02
1.154599999999999957e-04 1.665300000000000011e+02
1.281420000000000074e-04 1.724989999999999952e+02
1.422170000000000107e-04 1.778499999999999943e+02
1.578370000000000001e-04 1.826459999999999866e+02
1.751740000000000003e-04 1.869300000000000068e+02
1.944150000000000012e-04 1.907379999999999995e+02
2.157689999999999868e-04 1.941160000000000139e+02
2.394680000000000051e-04 1.971020000000000039e+02
2.657709999999999869e-04 1.997330000000000041e+02
2.949620000000000128e-04 2.020449999999999875e+02
3.273600000000000099e-04 2.040709999999999980e+02
3.633169999999999911e-04 2.058429999999999893e+02
4.032220000000000097e-04 2.073880000000000052e+02
4.475109999999999917e-04 2.087290000000000134e+02
4.966649999999999754e-04 2.098830000000000098e+02
5.512170000000000047e-04 2.108679999999999950e+02
6.117619999999999612e-04 2.117059999999999889e+02
6.789559999999999823e-04 2.124149999999999920e+02
7.535309999999999925e-04 2.130140000000000100e+02
8.362969999999999519e-04 2.135200000000000102e+02
9.281540000000000450e-04 2.139449999999999932e+02
1.030099999999999939e-03 2.143000000000000114e+02
1.143240000000000011e-03 2.145920000000000130e+02
1.268809999999999990e-03 2.148269999999999982e+02
1.408179999999999979e-03 2.150099999999999909e+02
1.562849999999999960e-03 2.151409999999999911e+02
1.734510000000000088e-03 2.152239999999999895e+02
1.925019999999999943e-03 2.152599999999999909e+02
2.136460000000000182e-03 2.152479999999999905e+02
2.371129999999999939e-03 2.151899999999999977e+02
2.631559999999999802e-03 2.150840000000000032e+02
2.920610000000000133e-03 2.149310000000000116e+02
3.241400000000000184e-03 2.147280000000000086e+02
3.597429999999999985e-03 2.144749999999999943e+02
3.992560000000000033e-03 2.141690000000000111e+02
4.431090000000000376e-03 2.138069999999999879e+02
4.917790000000000009e-03 2.133880000000000052e+02
5.457949999999999607e-03 2.129070000000000107e+02
6.057439999999999873e-03 2.123600000000000136e+02
6.722770000000000308e-03 2.117439999999999998e+02
7.461190000000000357e-03 2.110540000000000020e+02
8.280710000000000154e-03 2.102839999999999918e+02
9.190240000000000561e-03 2.094279999999999973e+02
1.019970000000000078e-02 2.084799999999999898e+02
1.132000000000000020e-02 2.074329999999999927e+02
1.256329999999999947e-02 2.062800000000000011e+02
1.394330000000000049e-02 2.050120000000000005e+02
1.547480000000000036e-02 2.036220000000000141e+02
1.717449999999999879e-02 2.020989999999999895e+02
1.906089999999999868e-02 2.004350000000000023e+02
2.115449999999999969e-02 1.986200000000000045e+02
2.347799999999999887e-02 1.966440000000000055e+02
2.605680000000000149e-02 1.944960000000000093e+02
2.891880000000000145e-02 1.921659999999999968e+02
3.209519999999999734e-02 1.896430000000000007e+02
3.562040000000000345e-02 1.869170000000000016e+02
3.953290000000000276e-02 1.839780000000000086e+02
4.387510000000000021e-02 1.808160000000000025e+02
4.869419999999999998e-02 1.774219999999999970e+02
5.404269999999999907e-02 1.737899999999999920e+02
5.997859999999999997e-02 1.699120000000000061e+02
6.656650000000000067e-02 1.657839999999999918e+02
7.387799999999999923e-02 1.614019999999999868e+02
8.199249999999999594e-02 1.567669999999999959e+02
9.099839999999999318e-02 1.518789999999999907e+02
1.009929999999999994e-01 1.467439999999999998e+02
1.120860000000000051e-01 1.413689999999999998e+02
1.243979999999999947e-01 1.357640000000000100e+02
1.380609999999999893e-01 1.299449999999999932e+02
1.532250000000000001e-01 1.239279999999999973e+02
1.700550000000000117e-01 1.177369999999999948e+02
1.887340000000000129e-01 1.113960000000000008e+02
2.094640000000000113e-01 1.049360000000000070e+02
2.324710000000000110e-01 9.838840000000000430e+01
2.580049999999999844e-01 9.179160000000000252e+01
2.863430000000000142e-01 8.518619999999999948e+01
3.177949999999999942e-01 7.861690000000000111e+01
3.527000000000000135e-01 7.213200000000000500e+01
3.914400000000000102e-01 6.578369999999999607e+01
4.344350000000000156e-01 5.962800000000000011e+01
4.821520000000000250e-01 5.372520000000000095e+01
5.351110000000000033e-01 4.813980000000000103e+01
5.938860000000000250e-01 4.294149999999999778e+01
6.591169999999999529e-01 3.820539999999999736e+01
7.315129999999999688e-01 3.401310000000000144e+01
8.118600000000000261e-01 3.045390000000000086e+01
9.010329999999999728e-01 2.762610000000000099e+01
1.000000000000000000e+00 2.506088914122324240e+01
