2.234190000000000119e-09 3.193980000000000000e+05
2.726649999999999885e-09 6.414630000000000000e+05
3.327660000000000067e-09 9.950870000000000000e+05
4.061130000000000016e-09 1.330690000000000000e+06
4.956279999999999763e-09 1.625220000000000000e+06
6.048739999999999939e-09 1.874350000000000000e+06
7.381989999999999651e-09 2.081530000000000000e+06
9.009120000000000008e-09 2.252110000000000000e+06
1.099489999999999974e-08 2.391300000000000000e+06
1.341839999999999990e-08 2.503910000000000000e+06
1.637600000000000053e-08 2.593940000000000000e+06
1.998559999999999931e-08 2.665120000000000000e+06
2.439079999999999895e-08 2.720820000000000000e+06
2.976700000000000112e-08 2.764060000000000000e+06
3.632819999999999703e-08 2.797240000000000000e+06
4.433559999999999898e-08 2.822110000000000000e+06
5.410799999999999720e-08 2.840500000000000000e+06
6.603440000000000267e-08 2.854090000000000000e+06
8.058960000000000055e-08 2.864160000000000000e+06
9.835309999999999944e-08 2.871470000000000000e+06
1.200319999999999991e-07 2.876480000000000000e+06
1.464890000000000090e-07 2.879410000000000000e+06
1.787779999999999879e-07 2.880400000000000000e+06
2.181839999999999902e-07 2.879510000000000000e+06
2.662760000000000214e-07 2.876740000000000000e+06
3.249679999999999755e-07 2.872010000000000000e+06
3.965970000000000142e-07 2.865210000000000000e+06
4.840140000000000088e-07 2.856160000000000000e+06
5.907000000000000153e-07 2.844620000000000000e+06
7.209009999999999779e-07 2.830280000000000000e+06
8.798009999999999516e-07 2.812800000000000000e+06
1.073729999999999967e-06 2.791730000000000000e+06
1.310389999999999917e-06 2.766590000000000000e+06
1.599230000000000060e-06 2.736840000000000000e+06
1.951729999999999862e-06 2.701900000000000000e+06
2.381929999999999995e-06 2.661170000000000000e+06
2.906950000000000179e-06 2.614040000000000000e+06
3.547690000000000079e-06 2.559940000000000000e+06
4.329669999999999832e-06 2.498400000000000000e+06
5.284010000000000422e-06 2.429050000000000000e+06
6.448699999999999769e-06 2.351720000000000000e+06
7.870120000000000807e-06 2.266470000000000000e+06
9.604839999999999336e-06 2.173650000000000000e+06
1.172190000000000037e-05 2.073870000000000000e+06
1.430569999999999925e-05 1.968060000000000000e+06
1.745889999999999983e-05 1.857420000000000000e+06
2.130710000000000137e-05 1.743340000000000000e+06
2.600359999999999952e-05 1.627360000000000000e+06
3.173530000000000090e-05 1.511080000000000000e+06
3.873039999999999767e-05 1.396010000000000000e+06
4.726730000000000059e-05 1.283590000000000000e+06
5.768580000000000257e-05 1.175030000000000000e+06
7.040089999999999879e-05 1.071350000000000000e+06
8.591849999999999401e-05 9.732900000000000000e+05
1.048570000000000025e-04 8.813690000000000000e+05
1.279689999999999940e-04 7.958750000000000000e+05
1.561760000000000036e-04 7.169000000000000000e+05
1.905999999999999979e-04 6.443740000000000000e+05
2.326109999999999994e-04 5.781060000000000000e+05
2.838830000000000194e-04 5.178120000000000000e+05
3.464559999999999775e-04 4.631470000000000000e+05
4.228219999999999982e-04 4.137340000000000000e+05
5.160190000000000480e-04 3.691770000000000000e+05
6.297590000000000262e-04 3.290810000000000000e+05
7.685699999999999954e-04 2.930620000000000000e+05
9.379769999999999948e-04 2.607500000000000000e+05
1.144719999999999896e-03 2.318010000000000000e+05
1.397040000000000001e-03 2.058910000000000000e+05
1.704980000000000037e-03 1.827250000000000000e+05
2.080789999999999897e-03 1.620300000000000000e+05
2.539430000000000073e-03 1.435570000000000000e+05
3.099170000000000050e-03 1.270810000000000000e+05
3.782279999999999844e-03 1.123980000000000000e+05
4.615969999999999622e-03 9.932150000000000000e+04
5.633410000000000153e-03 8.768519999999999709e+04
6.875120000000000189e-03 7.733789999999999418e+04
8.390520000000000270e-03 6.814310000000000582e+04
1.023989999999999970e-02 5.997830000000000291e+04
1.249699999999999943e-02 5.273280000000000291e+04
1.525160000000000057e-02 4.630730000000000291e+04
1.861329999999999929e-02 4.061230000000000291e+04
2.271609999999999949e-02 3.556759999999999854e+04
2.772310000000000052e-02 3.110109999999999854e+04
3.383379999999999721e-02 2.714840000000000146e+04
4.129139999999999894e-02 2.365159999999999854e+04
5.039280000000000148e-02 2.055920000000000073e+04
6.150030000000000080e-02 1.782500000000000000e+04
7.505599999999999772e-02 1.540820000000000073e+04
9.159979999999999511e-02 1.327239999999999964e+04
1.117900000000000005e-01 1.138520000000000073e+04
1.364309999999999967e-01 9.718430000000000291e+03
1.665030000000000121e-01 8.247129999999999200e+03
2.032029999999999947e-01 6.949760000000000218e+03
2.479919999999999902e-01 5.807850000000000364e+03
3.026550000000000074e-01 4.805869999999999891e+03
3.693649999999999989e-01 3.931210000000000036e+03
4.507800000000000140e-01 3.174150000000000091e+03
5.501409999999999911e-01 2.528010000000000218e+03
6.714020000000000543e-01 1.989319999999999936e+03
8.193909999999999805e-01 1.558210000000000036e+03
1.000000000000000000e+00 1.220525947850110697e+03
