2.234190000000000034e-05 3.193840000000000146e+01
2.486739999999999844e-05 4.847570000000000334e+01
2.767819999999999870e-05 6.677020000000000266e+01
3.080679999999999785e-05 8.581300000000000239e+01
3.428909999999999668e-05 1.047540000000000049e+02
3.816499999999999797e-05 1.229770000000000039e+02
4.247889999999999744e-05 1.401049999999999898e+02
4.728050000000000243e-05 1.559569999999999936e+02
5.262489999999999822e-05 1.704780000000000086e+02
5.857329999999999704e-05 1.836959999999999980e+02
6.519420000000000000e-05 1.956740000000000066e+02
7.256340000000000392e-05 2.064939999999999998e+02
8.076560000000000477e-05 2.162429999999999950e+02
8.989489999999999883e-05 2.250049999999999955e+02
1.000560000000000056e-04 2.328600000000000136e+02
1.113660000000000041e-04 2.398789999999999907e+02
1.239540000000000130e-04 2.461430000000000007e+02
1.379650000000000115e-04 2.517079999999999984e+02
1.535599999999999867e-04 2.566360000000000241e+02
1.709179999999999922e-04 2.609859999999999900e+02
1.902379999999999902e-04 2.648129999999999882e+02
2.117409999999999909e-04 2.681689999999999827e+02
2.356749999999999958e-04 2.711030000000000086e+02
2.623149999999999983e-04 2.736619999999999777e+02
2.919660000000000029e-04 2.758890000000000100e+02
3.249680000000000233e-04 2.778210000000000264e+02
3.617010000000000255e-04 2.794839999999999804e+02
4.025860000000000246e-04 2.809039999999999964e+02
4.480919999999999782e-04 2.821070000000000277e+02
4.987420000000000438e-04 2.831240000000000236e+02
5.551170000000000453e-04 2.839800000000000182e+02
6.178649999999999941e-04 2.847019999999999982e+02
6.877050000000000437e-04 2.853079999999999927e+02
7.654400000000000440e-04 2.858149999999999977e+02
8.519610000000000377e-04 2.862350000000000136e+02
9.482619999999999548e-04 2.865749999999999886e+02
1.055450000000000095e-03 2.868419999999999845e+02
1.174750000000000013e-03 2.870400000000000205e+02
1.307540000000000048e-03 2.871720000000000255e+02
1.455340000000000062e-03 2.872400000000000091e+02
1.619839999999999995e-03 2.872440000000000282e+02
1.802940000000000055e-03 2.871840000000000259e+02
2.006739999999999913e-03 2.870620000000000118e+02
2.233569999999999826e-03 2.868750000000000000e+02
2.486040000000000125e-03 2.866220000000000141e+02
2.767050000000000065e-03 2.863009999999999877e+02
3.079820000000000040e-03 2.859100000000000250e+02
3.427949999999999921e-03 2.854449999999999932e+02
3.815419999999999923e-03 2.849019999999999868e+02
4.246699999999999954e-03 2.842769999999999868e+02
4.726730000000000168e-03 2.835649999999999977e+02
5.261009999999999992e-03 2.827590000000000146e+02
5.855690000000000200e-03 2.818539999999999850e+02
6.517590000000000189e-03 2.808419999999999845e+02
7.254299999999999984e-03 2.797139999999999986e+02
8.074289999999999592e-03 2.784630000000000223e+02
8.986970000000000375e-03 2.770790000000000077e+02
1.000279999999999919e-02 2.755509999999999877e+02
1.113349999999999930e-02 2.738690000000000282e+02
1.239190000000000083e-02 2.720210000000000150e+02
1.379269999999999975e-02 2.699950000000000045e+02
1.535169999999999937e-02 2.677780000000000200e+02
1.708700000000000149e-02 2.653570000000000277e+02
1.901840000000000128e-02 2.627180000000000177e+02
2.116820000000000160e-02 2.598469999999999800e+02
2.356089999999999920e-02 2.567300000000000182e+02
2.622410000000000019e-02 2.533540000000000134e+02
2.918839999999999976e-02 2.497040000000000077e+02
3.248770000000000130e-02 2.457680000000000007e+02
3.615990000000000176e-02 2.415339999999999918e+02
4.024729999999999974e-02 2.369910000000000139e+02
4.479659999999999892e-02 2.321289999999999907e+02
4.986020000000000035e-02 2.269420000000000073e+02
5.549609999999999960e-02 2.214250000000000114e+02
6.176910000000000039e-02 2.155749999999999886e+02
6.875119999999999842e-02 2.093950000000000102e+02
7.652249999999999330e-02 2.028870000000000005e+02
8.517220000000000346e-02 1.960610000000000070e+02
9.479959999999999776e-02 1.889279999999999973e+02
1.055149999999999977e-01 1.815060000000000002e+02
1.174420000000000047e-01 1.738149999999999977e+02
1.307169999999999999e-01 1.658799999999999955e+02
1.454930000000000112e-01 1.577319999999999993e+02
1.619389999999999996e-01 1.494039999999999964e+02
1.802429999999999866e-01 1.409350000000000023e+02
2.006169999999999898e-01 1.323650000000000091e+02
2.232939999999999925e-01 1.237429999999999950e+02
2.485340000000000049e-01 1.151149999999999949e+02
2.766270000000000118e-01 1.065360000000000014e+02
3.078949999999999743e-01 9.805939999999999657e+01
3.426980000000000026e-01 8.974519999999999698e+01
3.814350000000000240e-01 8.165449999999999875e+01
4.245510000000000117e-01 7.385219999999999629e+01
4.725400000000000156e-01 6.640649999999999409e+01
5.259530000000000038e-01 5.938989999999999725e+01
5.854040000000000354e-01 5.287939999999999685e+01
6.515760000000000440e-01 4.695830000000000126e+01
7.252260000000000373e-01 4.171679999999999922e+01
8.072019999999999751e-01 3.725379999999999825e+01
8.984440000000000204e-01 3.367880000000000251e+01
1.000000000000000000e+00 3.044685556683408478e+01
