9.929749999999999246e-06 7.186450000000000671e+01
1.114209999999999959e-05 1.120859999999999985e+02
1.250259999999999952e-05 1.566730000000000018e+02
1.402909999999999922e-05 2.028530000000000086e+02
1.574199999999999937e-05 2.483520000000000039e+02
1.766409999999999915e-05 2.916320000000000050e+02
1.982079999999999834e-05 3.318380000000000223e+02
2.224089999999999910e-05 3.686270000000000095e+02
2.495650000000000068e-05 4.019759999999999991e+02
2.800360000000000070e-05 4.320240000000000009e+02
3.142280000000000008e-05 4.589889999999999759e+02
3.525940000000000329e-05 4.831100000000000136e+02
3.956449999999999702e-05 5.046270000000000095e+02
4.439519999999999805e-05 5.237649999999999864e+02
4.981579999999999830e-05 5.407259999999999991e+02
5.589819999999999956e-05 5.557329999999999472e+02
6.272320000000000282e-05 5.689379999999999882e+02
7.038149999999999691e-05 5.805249999999999773e+02
7.897499999999999518e-05 5.906490000000000009e+02
8.861759999999999668e-05 5.994640000000000555e+02
9.943760000000000489e-05 6.071109999999999900e+02
1.115789999999999968e-04 6.137269999999999754e+02
1.252020000000000118e-04 6.194379999999999882e+02
1.404889999999999893e-04 6.243540000000000418e+02
1.576419999999999926e-04 6.285579999999999927e+02
1.768899999999999954e-04 6.321200000000000045e+02
1.984880000000000010e-04 6.351159999999999854e+02
2.227230000000000019e-04 6.376290000000000191e+02
2.499169999999999994e-04 6.397350000000000136e+02
2.804309999999999854e-04 6.415030000000000427e+02
3.146709999999999828e-04 6.429869999999999663e+02
3.530920000000000000e-04 6.442319999999999709e+02
3.962029999999999740e-04 6.452659999999999627e+02
4.445790000000000137e-04 6.461130000000000564e+02
4.988609999999999659e-04 6.467870000000000346e+02
5.597700000000000158e-04 6.472999999999999545e+02
6.281169999999999766e-04 6.476589999999999918e+02
7.048080000000000187e-04 6.478700000000000045e+02
7.908639999999999550e-04 6.479349999999999454e+02
8.874259999999999701e-04 6.478559999999999945e+02
9.957790000000000218e-04 6.476340000000000146e+02
1.117359999999999968e-03 6.472659999999999627e+02
1.253790000000000069e-03 6.467509999999999764e+02
1.406869999999999952e-03 6.460819999999999936e+02
1.578650000000000019e-03 6.452549999999999955e+02
1.771400000000000014e-03 6.442619999999999436e+02
1.987679999999999916e-03 6.430940000000000509e+02
2.230370000000000182e-03 6.417409999999999854e+02
2.502690000000000123e-03 6.401889999999999645e+02
2.808269999999999864e-03 6.384260000000000446e+02
3.151150000000000131e-03 6.364360000000000355e+02
3.535899999999999807e-03 6.342000000000000455e+02
3.967619999999999827e-03 6.317019999999999982e+02
4.452059999999999872e-03 6.289189999999999827e+02
4.995649999999999917e-03 6.258289999999999509e+02
5.605599999999999646e-03 6.224089999999999918e+02
6.290030000000000274e-03 6.186330000000000382e+02
7.058029999999999859e-03 6.144750000000000227e+02
7.919799999999999410e-03 6.099059999999999491e+02
8.886790000000000314e-03 6.048980000000000246e+02
9.971839999999999177e-03 5.994220000000000255e+02
1.118940000000000039e-02 5.934479999999999791e+02
1.255560000000000009e-02 5.869479999999999791e+02
1.408859999999999973e-02 5.798930000000000291e+02
1.580880000000000132e-02 5.722559999999999718e+02
1.773900000000000129e-02 5.640149999999999864e+02
1.990489999999999968e-02 5.551470000000000482e+02
2.233519999999999950e-02 5.456349999999999909e+02
2.506229999999999916e-02 5.354650000000000318e+02
2.812229999999999938e-02 5.246319999999999482e+02
3.155600000000000072e-02 5.131319999999999482e+02
3.540890000000000010e-02 5.009719999999999800e+02
3.973220000000000224e-02 4.881639999999999873e+02
4.458340000000000219e-02 4.747269999999999754e+02
5.002689999999999915e-02 4.606890000000000214e+02
5.613510000000000028e-02 4.460849999999999795e+02
6.298910000000000620e-02 4.309580000000000268e+02
7.067990000000000383e-02 4.153539999999999850e+02
7.930969999999999687e-02 3.993310000000000173e+02
8.899319999999999453e-02 3.829470000000000027e+02
9.985910000000000619e-02 3.662660000000000196e+02
1.120519999999999988e-01 3.493559999999999945e+02
1.257330000000000114e-01 3.322839999999999918e+02
1.410849999999999882e-01 3.151209999999999809e+02
1.583110000000000073e-01 2.979370000000000118e+02
1.776399999999999924e-01 2.807989999999999782e+02
1.993290000000000062e-01 2.637769999999999868e+02
2.236670000000000047e-01 2.469350000000000023e+02
2.509759999999999769e-01 2.303379999999999939e+02
2.816199999999999815e-01 2.140490000000000066e+02
3.160049999999999804e-01 1.981310000000000002e+02
3.545880000000000143e-01 1.826469999999999914e+02
3.978829999999999867e-01 1.676599999999999966e+02
4.464629999999999987e-01 1.532379999999999995e+02
5.009749999999999481e-01 1.394530000000000030e+02
5.621429999999999483e-01 1.263859999999999957e+02
6.307789999999999786e-01 1.141239999999999952e+02
7.077959999999999807e-01 1.027710000000000008e+02
7.942160000000000331e-01 9.244589999999999463e+01
8.911879999999999802e-01 8.328730000000000189e+01
1.000000000000000000e+00 7.503604537800896424e+01
