9.929750000000000262e-05 7.185030000000000250e+00
1.088849999999999985e-04 1.035710000000000086e+01
1.193989999999999998e-04 1.384759999999999991e+01
1.309270000000000019e-04 1.750690000000000168e+01
1.435689999999999937e-04 2.120309999999999917e+01
1.574310000000000043e-04 2.483060000000000045e+01
1.726320000000000101e-04 2.831439999999999912e+01
1.893010000000000092e-04 3.160800000000000054e+01
2.075789999999999992e-04 3.468760000000000332e+01
2.276219999999999969e-04 3.754520000000000124e+01
2.495999999999999955e-04 4.018319999999999936e+01
2.736999999999999850e-04 4.260960000000000036e+01
3.001270000000000218e-04 4.483529999999999660e+01
3.291060000000000166e-04 4.687239999999999895e+01
3.608829999999999937e-04 4.873340000000000316e+01
3.957289999999999918e-04 5.043039999999999878e+01
4.339379999999999778e-04 5.197500000000000142e+01
4.758380000000000205e-04 5.337590000000000146e+01
5.217820000000000400e-04 5.464719999999999800e+01
5.721629999999999902e-04 5.579749999999999943e+01
6.274089999999999962e-04 5.683359999999999701e+01
6.879889999999999617e-04 5.776559999999999917e+01
7.544179999999999723e-04 5.860139999999999816e+01
8.272610000000000336e-04 5.934899999999999665e+01
9.071370000000000258e-04 6.001570000000000249e+01
9.947269999999999376e-04 6.060860000000000269e+01
1.090770000000000021e-03 6.113479999999999848e+01
1.196089999999999914e-03 6.160049999999999670e+01
1.311579999999999907e-03 6.201160000000000139e+01
1.438220000000000037e-03 6.237319999999999709e+01
1.577089999999999959e-03 6.268880000000000052e+01
1.729370000000000039e-03 6.296200000000000330e+01
1.896349999999999989e-03 6.319650000000000034e+01
2.079450000000000048e-03 6.339620000000000033e+01
2.280229999999999844e-03 6.356530000000000058e+01
2.500399999999999845e-03 6.370720000000000027e+01
2.741829999999999788e-03 6.382540000000000191e+01
3.006570000000000076e-03 6.392249999999999943e+01
3.296869999999999922e-03 6.400069999999999482e+01
3.615199999999999837e-03 6.406149999999999523e+01
3.964269999999999773e-03 6.410609999999999786e+01
4.347039999999999932e-03 6.413540000000000418e+01
4.766770000000000035e-03 6.414969999999999573e+01
5.227029999999999697e-03 6.414950000000000330e+01
5.731729999999999985e-03 6.413469999999999516e+01
6.285159999999999705e-03 6.410540000000000305e+01
6.892019999999999570e-03 6.406140000000000612e+01
7.557480000000000100e-03 6.400230000000000530e+01
8.287199999999999775e-03 6.392779999999999774e+01
9.087380000000000804e-03 6.383729999999999905e+01
9.964809999999999293e-03 6.373020000000000351e+01
1.092699999999999921e-02 6.360580000000000211e+01
1.198199999999999960e-02 6.346320000000000050e+01
1.313899999999999964e-02 6.330149999999999721e+01
1.440759999999999957e-02 6.311959999999999837e+01
1.579869999999999886e-02 6.291620000000000346e+01
1.732420000000000140e-02 6.269010000000000105e+01
1.899690000000000059e-02 6.243970000000000198e+01
2.083120000000000110e-02 6.216349999999999909e+01
2.284260000000000110e-02 6.185960000000000036e+01
2.504810000000000023e-02 6.152620000000000289e+01
2.746670000000000014e-02 6.116129999999999711e+01
3.011870000000000172e-02 6.076259999999999906e+01
3.302689999999999793e-02 6.032780000000000342e+01
3.621579999999999938e-02 5.985450000000000159e+01
3.971260000000000068e-02 5.933990000000000009e+01
4.354709999999999831e-02 5.878139999999999787e+01
4.775179999999999703e-02 5.817609999999999815e+01
5.236249999999999932e-02 5.752089999999999748e+01
5.741840000000000138e-02 5.681280000000000285e+01
6.296240000000000170e-02 5.604869999999999663e+01
6.904180000000000039e-02 5.522529999999999717e+01
7.570820000000000327e-02 5.433939999999999770e+01
8.301820000000000033e-02 5.338790000000000191e+01
9.103410000000000668e-02 5.236780000000000257e+01
9.982389999999999319e-02 5.127600000000000335e+01
1.094620000000000037e-01 5.010999999999999943e+01
1.200319999999999998e-01 4.886730000000000018e+01
1.316209999999999880e-01 4.754610000000000269e+01
1.443300000000000138e-01 4.614489999999999981e+01
1.582659999999999900e-01 4.466279999999999717e+01
1.735470000000000068e-01 4.309989999999999810e+01
1.903040000000000009e-01 4.145720000000000027e+01
2.086790000000000034e-01 3.973649999999999949e+01
2.288290000000000046e-01 3.794129999999999825e+01
2.509230000000000071e-01 3.607630000000000337e+01
2.751509999999999789e-01 3.414789999999999992e+01
3.017190000000000150e-01 3.216449999999999676e+01
3.308510000000000062e-01 3.013650000000000162e+01
3.627969999999999806e-01 2.807679999999999865e+01
3.978269999999999862e-01 2.600090000000000146e+01
4.362389999999999879e-01 2.392699999999999960e+01
4.783600000000000074e-01 2.187669999999999959e+01
5.245490000000000430e-01 1.987480000000000047e+01
5.751969999999999583e-01 1.795009999999999906e+01
6.307350000000000456e-01 1.613510000000000133e+01
6.916360000000000285e-01 1.446710000000000029e+01
7.584170000000000078e-01 1.298770000000000024e+01
8.316470000000000251e-01 1.174399999999999977e+01
9.119469999999999521e-01 1.078860000000000063e+01
1.000000000000000000e+00 9.910927501802508033e+00
