1.276680000000000021e-07 5.589460000000000036e+03
1.496309999999999983e-07 1.000060000000000036e+04
1.753719999999999904e-07 1.489950000000000000e+04
2.055420000000000018e-07 1.977809999999999854e+04
2.409010000000000208e-07 2.431379999999999927e+04
2.823439999999999771e-07 2.836700000000000000e+04
3.309159999999999967e-07 3.191329999999999927e+04
3.878440000000000152e-07 3.498119999999999709e+04
4.545649999999999944e-07 3.761669999999999709e+04
5.327649999999999932e-07 3.986819999999999709e+04
6.244170000000000518e-07 4.177990000000000146e+04
7.318359999999999630e-07 4.339569999999999709e+04
8.577340000000000492e-07 4.474980000000000291e+04
1.005290000000000077e-06 4.587730000000000291e+04
1.178229999999999983e-06 4.680919999999999709e+04
1.380929999999999965e-06 4.757469999999999709e+04
1.618489999999999983e-06 4.820040000000000146e+04
1.896919999999999916e-06 4.870900000000000000e+04
2.223249999999999847e-06 4.911650000000000000e+04
2.605720000000000016e-06 4.943850000000000000e+04
3.053980000000000193e-06 4.969130000000000291e+04
3.579360000000000150e-06 4.989019999999999709e+04
4.195120000000000417e-06 5.004690000000000146e+04
4.916809999999999940e-06 5.016969999999999709e+04
5.762659999999999643e-06 5.026390000000000146e+04
6.754019999999999753e-06 5.033290000000000146e+04
7.915919999999999589e-06 5.037880000000000291e+04
9.277699999999999280e-06 5.040280000000000291e+04
1.087380000000000082e-05 5.040569999999999709e+04
1.274439999999999948e-05 5.038769999999999709e+04
1.493680000000000071e-05 5.034869999999999709e+04
1.750639999999999895e-05 5.028809999999999854e+04
2.051809999999999927e-05 5.020500000000000000e+04
2.404780000000000039e-05 5.009790000000000146e+04
2.818480000000000161e-05 4.996509999999999854e+04
3.303340000000000123e-05 4.980440000000000146e+04
3.871620000000000042e-05 4.961309999999999854e+04
4.537660000000000191e-05 4.938800000000000000e+04
5.318280000000000181e-05 4.912559999999999854e+04
6.233190000000000540e-05 4.882200000000000000e+04
7.305490000000000421e-05 4.847269999999999709e+04
8.562269999999999593e-05 4.807290000000000146e+04
1.003520000000000041e-04 4.761759999999999854e+04
1.176159999999999933e-04 4.710140000000000146e+04
1.378499999999999897e-04 4.651900000000000000e+04
1.615640000000000001e-04 4.586490000000000146e+04
1.893580000000000122e-04 4.513430000000000291e+04
2.219339999999999930e-04 4.432240000000000146e+04
2.601139999999999832e-04 4.342550000000000000e+04
3.048610000000000209e-04 4.244109999999999854e+04
3.573070000000000131e-04 4.136780000000000291e+04
4.187749999999999741e-04 4.020600000000000000e+04
4.908169999999999460e-04 3.895790000000000146e+04
5.752529999999999623e-04 3.762800000000000000e+04
6.742140000000000199e-04 3.622269999999999709e+04
7.902000000000000170e-04 3.475050000000000000e+04
9.261399999999999928e-04 3.322180000000000291e+04
1.085459999999999897e-03 3.164870000000000073e+04
1.272200000000000024e-03 3.004409999999999854e+04
1.491059999999999998e-03 2.842200000000000000e+04
1.747559999999999999e-03 2.679650000000000000e+04
2.048200000000000021e-03 2.518109999999999854e+04
2.400549999999999993e-03 2.358890000000000146e+04
2.813519999999999910e-03 2.203159999999999854e+04
3.297539999999999846e-03 2.051950000000000000e+04
3.864820000000000148e-03 1.906120000000000073e+04
4.529690000000000279e-03 1.766350000000000000e+04
5.308929999999999899e-03 1.633170000000000073e+04
6.222240000000000409e-03 1.506929999999999927e+04
7.292650000000000347e-03 1.387820000000000073e+04
8.547219999999999471e-03 1.275920000000000073e+04
1.001759999999999977e-02 1.171160000000000036e+04
1.174090000000000029e-02 1.073410000000000036e+04
1.376080000000000012e-02 9.824469999999999345e+03
1.612799999999999997e-02 8.980090000000000146e+03
1.890259999999999857e-02 8.197809999999999491e+03
2.215440000000000118e-02 7.474300000000000182e+03
2.596559999999999840e-02 6.806060000000000400e+03
3.043250000000000122e-02 6.189569999999999709e+03
3.566790000000000238e-02 5.621329999999999927e+03
4.180389999999999801e-02 5.097930000000000291e+03
4.899540000000000145e-02 4.616090000000000146e+03
5.742420000000000163e-02 4.172680000000000291e+03
6.730289999999999884e-02 3.764750000000000000e+03
7.888119999999999854e-02 3.389519999999999982e+03
9.245119999999999727e-02 3.044429999999999836e+03
1.083559999999999940e-01 2.727079999999999927e+03
1.269959999999999978e-01 2.435309999999999945e+03
1.488440000000000041e-01 2.167110000000000127e+03
1.744489999999999930e-01 1.920690000000000055e+03
2.044600000000000029e-01 1.694460000000000036e+03
2.396330000000000127e-01 1.487000000000000000e+03
2.808579999999999965e-01 1.297130000000000109e+03
3.291740000000000221e-01 1.123849999999999909e+03
3.858019999999999783e-01 9.664039999999999964e+02
4.521720000000000184e-01 8.242789999999999964e+02
5.299599999999999866e-01 6.972309999999999945e+02
6.211299999999999599e-01 5.853229999999999791e+02
7.279839999999999645e-01 4.889689999999999941e+02
8.532199999999999784e-01 4.089900000000000091e+02
1.000000000000000000e+00 3.420930884068527575e+02
