4.468390000000000035e-03 1.596899999999999986e-01
4.716820000000000040e-03 2.000129999999999963e-01
4.979060000000000430e-03 2.432880000000000043e-01
5.255890000000000041e-03 2.887529999999999819e-01
5.548110000000000194e-03 3.357939999999999814e-01
5.856570000000000178e-03 3.837240000000000095e-01
6.182179999999999793e-03 4.319729999999999959e-01
6.525900000000000277e-03 4.800269999999999815e-01
6.888720000000000086e-03 5.274550000000000072e-01
7.271719999999999746e-03 5.739079999999999737e-01
7.676009999999999604e-03 6.191159999999999997e-01
8.102780000000000399e-03 6.628840000000000288e-01
8.553279999999999911e-03 7.050790000000000113e-01
9.028819999999999901e-03 7.456180000000000030e-01
9.530810000000000670e-03 7.844569999999999599e-01
1.006070000000000055e-02 8.215850000000000097e-01
1.062010000000000037e-02 8.570140000000000535e-01
1.121049999999999998e-02 8.907739999999999547e-01
1.183380000000000022e-02 9.229000000000000536e-01
1.249169999999999968e-02 9.534420000000000117e-01
1.318620000000000035e-02 9.824479999999999880e-01
1.391940000000000018e-02 1.009970000000000034e+00
1.469320000000000001e-02 1.036070000000000046e+00
1.551020000000000003e-02 1.060799999999999965e+00
1.637250000000000164e-02 1.084209999999999896e+00
1.728280000000000094e-02 1.106349999999999945e+00
1.824359999999999871e-02 1.127280000000000060e+00
1.925800000000000081e-02 1.147049999999999903e+00
2.032870000000000163e-02 1.165680000000000049e+00
2.145889999999999950e-02 1.183230000000000004e+00
2.265189999999999912e-02 1.199780000000000069e+00
2.391129999999999992e-02 1.215340000000000087e+00
2.524080000000000074e-02 1.229970000000000008e+00
2.664410000000000042e-02 1.243679999999999897e+00
2.812550000000000119e-02 1.256510000000000016e+00
2.968919999999999892e-02 1.268489999999999895e+00
3.133980000000000099e-02 1.279709999999999903e+00
3.308219999999999911e-02 1.290159999999999973e+00
3.492150000000000115e-02 1.299879999999999924e+00
3.686310000000000281e-02 1.308910000000000018e+00
3.891259999999999858e-02 1.317280000000000006e+00
4.107609999999999734e-02 1.325010000000000021e+00
4.335979999999999696e-02 1.332140000000000102e+00
4.577049999999999869e-02 1.338689999999999936e+00
4.831529999999999853e-02 1.344700000000000006e+00
5.100149999999999822e-02 1.350190000000000001e+00
5.383709999999999885e-02 1.355180000000000051e+00
5.683030000000000026e-02 1.359690000000000065e+00
5.998989999999999878e-02 1.363750000000000018e+00
6.332519999999999816e-02 1.367369999999999974e+00
6.684600000000000264e-02 1.370560000000000000e+00
7.056250000000000022e-02 1.373340000000000005e+00
7.448559999999999903e-02 1.375709999999999988e+00
7.862679999999999669e-02 1.377699999999999925e+00
8.299829999999999708e-02 1.379310000000000036e+00
8.761289999999999356e-02 1.380560000000000009e+00
9.248389999999999389e-02 1.381469999999999976e+00
9.762590000000000157e-02 1.382039999999999935e+00
1.030540000000000067e-01 1.382290000000000019e+00
1.087830000000000047e-01 1.382239999999999913e+00
1.148310000000000025e-01 1.381890000000000063e+00
1.212160000000000043e-01 1.381240000000000023e+00
1.279550000000000132e-01 1.380309999999999926e+00
1.350689999999999946e-01 1.379099999999999993e+00
1.425790000000000113e-01 1.377610000000000001e+00
1.505060000000000009e-01 1.375839999999999952e+00
1.588729999999999865e-01 1.373799999999999910e+00
1.677059999999999940e-01 1.371480000000000032e+00
1.770309999999999939e-01 1.368880000000000097e+00
1.868730000000000113e-01 1.366000000000000103e+00
1.972629999999999939e-01 1.362819999999999920e+00
2.082299999999999984e-01 1.359359999999999902e+00
2.198070000000000024e-01 1.355599999999999916e+00
2.320280000000000120e-01 1.351539999999999964e+00
2.449280000000000068e-01 1.347169999999999979e+00
2.585459999999999980e-01 1.342489999999999961e+00
2.729210000000000247e-01 1.337490000000000068e+00
2.880940000000000167e-01 1.332170000000000076e+00
3.041119999999999934e-01 1.326519999999999921e+00
3.210200000000000276e-01 1.320540000000000047e+00
3.388680000000000025e-01 1.314219999999999944e+00
3.577080000000000259e-01 1.307569999999999899e+00
3.775959999999999872e-01 1.300589999999999913e+00
3.985890000000000266e-01 1.293269999999999920e+00
4.207500000000000129e-01 1.285609999999999919e+00
4.441430000000000100e-01 1.277630000000000043e+00
4.688359999999999750e-01 1.269339999999999913e+00
4.949020000000000086e-01 1.260729999999999906e+00
5.224180000000000490e-01 1.251829999999999998e+00
5.514630000000000365e-01 1.242660000000000098e+00
5.821229999999999460e-01 1.233239999999999892e+00
6.144880000000000342e-01 1.223610000000000086e+00
6.486520000000000064e-01 1.213789999999999925e+00
6.847159999999999913e-01 1.203840000000000021e+00
7.227850000000000108e-01 1.193799999999999972e+00
7.629700000000000371e-01 1.183740000000000014e+00
8.053900000000000503e-01 1.173750000000000071e+00
8.501680000000000348e-01 1.163890000000000091e+00
8.974349999999999827e-01 1.154279999999999973e+00
9.473300000000000054e-01 1.145040000000000058e+00
1.000000000000000000e+00 1.135873802333475568e+00
