2.978920000000000136e-04 2.394029999999999880e+00
3.230870000000000053e-04 3.318189999999999973e+00
3.504110000000000167e-04 4.329640000000000377e+00
3.800470000000000020e-04 5.393200000000000216e+00
4.121899999999999956e-04 6.477669999999999817e+00
4.470499999999999973e-04 7.556060000000000443e+00
4.848599999999999893e-04 8.607540000000000191e+00
5.258660000000000504e-04 9.617509999999999337e+00
5.703410000000000337e-04 1.057670000000000066e+01
6.185780000000000532e-04 1.148029999999999973e+01
6.708929999999999885e-04 1.232649999999999935e+01
7.276340000000000065e-04 1.311560000000000059e+01
7.891730000000000012e-04 1.384900000000000020e+01
8.559169999999999843e-04 1.452919999999999945e+01
9.283060000000000530e-04 1.515879999999999939e+01
1.006820000000000067e-03 1.574060000000000059e+01
1.091970000000000050e-03 1.627740000000000009e+01
1.184319999999999991e-03 1.677179999999999893e+01
1.284479999999999953e-03 1.722650000000000148e+01
1.393120000000000079e-03 1.764329999999999998e+01
1.510939999999999896e-03 1.802580000000000027e+01
1.638729999999999918e-03 1.837569999999999837e+01
1.777319999999999985e-03 1.869490000000000052e+01
1.927639999999999996e-03 1.898519999999999897e+01
2.090670000000000202e-03 1.924889999999999901e+01
2.267490000000000044e-03 1.948760000000000048e+01
2.459260000000000005e-03 1.970319999999999894e+01
2.667249999999999916e-03 1.989730000000000132e+01
2.892829999999999881e-03 2.007150000000000034e+01
3.137490000000000157e-03 2.022739999999999938e+01
3.402839999999999858e-03 2.036639999999999873e+01
3.690629999999999866e-03 2.048999999999999844e+01
4.002770000000000113e-03 2.059929999999999950e+01
4.341300000000000194e-03 2.069519999999999982e+01
4.708460000000000249e-03 2.077870000000000061e+01
5.106679999999999726e-03 2.085040000000000049e+01
5.538580000000000413e-03 2.091110000000000113e+01
6.007000000000000187e-03 2.096180000000000021e+01
6.515039999999999720e-03 2.100319999999999965e+01
7.066039999999999995e-03 2.103620000000000090e+01
7.663650000000000150e-03 2.106149999999999878e+01
8.311799999999999397e-03 2.107969999999999899e+01
9.014770000000000075e-03 2.109130000000000038e+01
9.777189999999999839e-03 2.109659999999999869e+01
1.060409999999999998e-02 2.109600000000000009e+01
1.150089999999999966e-02 2.108960000000000079e+01
1.247359999999999962e-02 2.107740000000000080e+01
1.352860000000000000e-02 2.105949999999999989e+01
1.467270000000000033e-02 2.103579999999999828e+01
1.591369999999999937e-02 2.100619999999999976e+01
1.725959999999999994e-02 2.097060000000000102e+01
1.871930000000000122e-02 2.092869999999999919e+01
2.030250000000000110e-02 2.088040000000000163e+01
2.201950000000000088e-02 2.082529999999999859e+01
2.388180000000000164e-02 2.076320000000000121e+01
2.590160000000000032e-02 2.069379999999999953e+01
2.809220000000000120e-02 2.061659999999999826e+01
3.046810000000000143e-02 2.053140000000000143e+01
3.304490000000000205e-02 2.043750000000000000e+01
3.583970000000000211e-02 2.033449999999999847e+01
3.887079999999999702e-02 2.022200000000000131e+01
4.215830000000000272e-02 2.009929999999999950e+01
4.572380000000000194e-02 1.996590000000000131e+01
4.959090000000000026e-02 1.982100000000000151e+01
5.378499999999999948e-02 1.966410000000000124e+01
5.833390000000000103e-02 1.949429999999999907e+01
6.326740000000000141e-02 1.931099999999999994e+01
6.861829999999999319e-02 1.911329999999999885e+01
7.442160000000000442e-02 1.890040000000000120e+01
8.071580000000000421e-02 1.867139999999999844e+01
8.754230000000000345e-02 1.842539999999999978e+01
9.494610000000000549e-02 1.816159999999999997e+01
1.029759999999999981e-01 1.787890000000000157e+01
1.116850000000000065e-01 1.757659999999999911e+01
1.211310000000000026e-01 1.725349999999999895e+01
1.313759999999999928e-01 1.690899999999999892e+01
1.424870000000000025e-01 1.654200000000000159e+01
1.545370000000000077e-01 1.615190000000000126e+01
1.676070000000000060e-01 1.573780000000000001e+01
1.817830000000000001e-01 1.529930000000000057e+01
1.971569999999999989e-01 1.483590000000000053e+01
2.138309999999999933e-01 1.434720000000000084e+01
2.319160000000000110e-01 1.383339999999999925e+01
2.515299999999999758e-01 1.329460000000000086e+01
2.728030000000000177e-01 1.273160000000000025e+01
2.958749999999999991e-01 1.214520000000000088e+01
3.208989999999999898e-01 1.153700000000000081e+01
3.480389999999999873e-01 1.090920000000000023e+01
3.774739999999999762e-01 1.026449999999999996e+01
4.093990000000000129e-01 9.606479999999999464e+00
4.440230000000000010e-01 8.939690000000000580e+00
4.815769999999999773e-01 8.269679999999999254e+00
5.223060000000000480e-01 7.603240000000000443e+00
5.664789999999999548e-01 6.948550000000000004e+00
6.143889999999999629e-01 6.315339999999999954e+00
6.663510000000000266e-01 5.715150000000000396e+00
7.227069999999999883e-01 5.161509999999999820e+00
7.838300000000000267e-01 4.670189999999999841e+00
8.501220000000000443e-01 4.259470000000000312e+00
9.220209999999999795e-01 3.950429999999999886e+00
1.000000000000000000e+00 3.663814869568550847e+00
