1.489459999999999966e-05 4.790820000000000078e+01
1.664559999999999865e-05 7.371649999999999636e+01
1.860239999999999997e-05 1.022980000000000018e+02
2.078920000000000079e-05 1.319780000000000086e+02
2.323319999999999975e-05 1.613619999999999948e+02
2.596440000000000165e-05 1.894730000000000132e+02
2.901669999999999952e-05 2.157400000000000091e+02
3.242780000000000147e-05 2.399110000000000014e+02
3.623989999999999839e-05 2.619359999999999786e+02
4.050020000000000231e-05 2.818809999999999718e+02
4.526129999999999981e-05 2.998670000000000186e+02
5.058199999999999784e-05 3.160350000000000250e+02
5.652829999999999883e-05 3.305299999999999727e+02
6.317360000000000109e-05 3.434909999999999854e+02
7.060010000000000189e-05 3.550360000000000014e+02
7.889969999999999948e-05 3.653100000000000023e+02
8.817489999999999497e-05 3.744200000000000159e+02
9.854040000000000271e-05 3.824560000000000173e+02
1.101249999999999934e-04 3.895269999999999868e+02
1.230699999999999991e-04 3.957250000000000227e+02
1.375380000000000103e-04 4.011399999999999864e+02
1.537069999999999973e-04 4.058539999999999850e+02
1.717760000000000033e-04 4.099490000000000123e+02
1.919699999999999933e-04 4.134959999999999809e+02
2.145369999999999959e-04 4.165609999999999786e+02
2.397570000000000018e-04 4.191879999999999882e+02
2.679429999999999789e-04 4.214220000000000255e+02
2.994410000000000084e-04 4.233059999999999832e+02
3.346429999999999739e-04 4.248899999999999864e+02
3.739820000000000253e-04 4.262200000000000273e+02
4.179459999999999859e-04 4.273369999999999891e+02
4.670790000000000185e-04 4.282730000000000246e+02
5.219870000000000152e-04 4.290550000000000068e+02
5.833509999999999650e-04 4.296999999999999886e+02
6.519279999999999693e-04 4.302230000000000132e+02
7.285660000000000443e-04 4.306320000000000050e+02
8.142149999999999692e-04 4.309350000000000023e+02
9.099309999999999994e-04 4.311349999999999909e+02
1.016900000000000052e-03 4.312359999999999900e+02
1.136440000000000063e-03 4.312389999999999759e+02
1.270040000000000058e-03 4.311440000000000055e+02
1.419340000000000055e-03 4.309510000000000218e+02
1.586200000000000066e-03 4.306589999999999918e+02
1.772670000000000062e-03 4.302649999999999864e+02
1.981060000000000199e-03 4.297660000000000196e+02
2.213940000000000179e-03 4.291580000000000155e+02
2.474210000000000124e-03 4.284340000000000259e+02
2.765070000000000115e-03 4.275889999999999986e+02
3.090120000000000020e-03 4.266159999999999854e+02
3.453390000000000192e-03 4.255049999999999955e+02
3.859360000000000047e-03 4.242479999999999905e+02
4.313049999999999697e-03 4.228340000000000032e+02
4.820080000000000024e-03 4.212500000000000000e+02
5.386710000000000283e-03 4.194830000000000041e+02
6.019960000000000415e-03 4.175199999999999818e+02
6.727649999999999950e-03 4.153460000000000036e+02
7.518529999999999831e-03 4.129429999999999836e+02
8.402389999999999165e-03 4.102939999999999827e+02
9.390149999999999886e-03 4.073799999999999955e+02
1.049399999999999986e-02 4.041829999999999927e+02
1.172770000000000062e-02 4.006809999999999832e+02
1.310629999999999955e-02 3.968550000000000182e+02
1.464709999999999970e-02 3.926820000000000164e+02
1.636900000000000160e-02 3.881419999999999959e+02
1.829319999999999904e-02 3.832139999999999986e+02
2.044369999999999868e-02 3.778779999999999859e+02
2.284699999999999925e-02 3.721139999999999759e+02
2.553290000000000073e-02 3.659039999999999964e+02
2.853440000000000143e-02 3.592339999999999804e+02
3.188889999999999780e-02 3.520910000000000082e+02
3.563759999999999845e-02 3.444649999999999750e+02
3.982709999999999723e-02 3.363500000000000227e+02
4.450899999999999995e-02 3.277459999999999809e+02
4.974139999999999812e-02 3.186549999999999727e+02
5.558880000000000071e-02 3.090880000000000223e+02
6.212369999999999698e-02 2.990600000000000023e+02
6.942679999999999685e-02 2.885899999999999750e+02
7.758840000000000181e-02 2.777060000000000173e+02
8.670949999999999491e-02 2.664409999999999741e+02
9.690279999999999727e-02 2.548340000000000032e+02
1.082940000000000014e-01 2.429290000000000020e+02
1.210249999999999937e-01 2.307769999999999868e+02
1.352530000000000121e-01 2.184300000000000068e+02
1.511520000000000086e-01 2.059480000000000075e+02
1.689209999999999878e-01 1.933919999999999959e+02
1.887790000000000024e-01 1.808259999999999934e+02
2.109719999999999929e-01 1.683149999999999977e+02
2.357730000000000103e-01 1.559290000000000020e+02
2.634900000000000020e-01 1.437350000000000136e+02
2.944649999999999768e-01 1.318029999999999973e+02
3.290810000000000124e-01 1.202049999999999983e+02
3.677670000000000106e-01 1.090130000000000052e+02
4.110010000000000052e-01 9.829959999999999809e+01
4.593169999999999753e-01 8.814199999999999591e+01
5.133119999999999905e-01 7.862009999999999366e+01
5.736560000000000548e-01 6.981889999999999930e+01
6.410930000000000240e-01 6.183039999999999736e+01
7.164580000000000393e-01 5.475540000000000163e+01
8.006830000000000336e-01 4.870589999999999975e+01
8.948089999999999655e-01 4.380850000000000222e+01
1.000000000000000000e+00 3.940354263065423623e+01
