1.117100000000000028e-05 6.387810000000000343e+01
1.252020000000000085e-05 9.923990000000000578e+01
1.403229999999999946e-05 1.384290000000000020e+02
1.572710000000000058e-05 1.790459999999999923e+02
1.762650000000000141e-05 2.191150000000000091e+02
1.975540000000000062e-05 2.572909999999999968e+02
2.214140000000000116e-05 2.928170000000000073e+02
2.481560000000000005e-05 3.253799999999999955e+02
2.781269999999999885e-05 3.549479999999999791e+02
3.117189999999999881e-05 3.816320000000000050e+02
3.493670000000000044e-05 4.056150000000000091e+02
3.915620000000000298e-05 4.271009999999999991e+02
4.388539999999999829e-05 4.462959999999999923e+02
4.918569999999999903e-05 4.633960000000000150e+02
5.512620000000000085e-05 4.785690000000000168e+02
6.178420000000000385e-05 4.920169999999999959e+02
6.924630000000000141e-05 5.038729999999999905e+02
7.760959999999999636e-05 5.142920000000000300e+02
8.698300000000000389e-05 5.234109999999999445e+02
9.748849999999999335e-05 5.313659999999999854e+02
1.092630000000000006e-04 5.382780000000000200e+02
1.224590000000000010e-04 5.442680000000000291e+02
1.372500000000000022e-04 5.494450000000000500e+02
1.538260000000000007e-04 5.539080000000000155e+02
1.724049999999999866e-04 5.577300000000000182e+02
1.932269999999999984e-04 5.609750000000000227e+02
2.165640000000000089e-04 5.637089999999999463e+02
2.427200000000000071e-04 5.660019999999999527e+02
2.720350000000000068e-04 5.679230000000000018e+02
3.048910000000000053e-04 5.695330000000000155e+02
3.417149999999999767e-04 5.708830000000000382e+02
3.829859999999999818e-04 5.720099999999999909e+02
4.292419999999999808e-04 5.729420000000000073e+02
4.810840000000000038e-04 5.737019999999999982e+02
5.391880000000000154e-04 5.743010000000000446e+02
6.043090000000000310e-04 5.747519999999999527e+02
6.772949999999999587e-04 5.750610000000000355e+02
7.590970000000000269e-04 5.752309999999999945e+02
8.507779999999999510e-04 5.752670000000000528e+02
9.535319999999999907e-04 5.751689999999999827e+02
1.068699999999999902e-03 5.749370000000000118e+02
1.197769999999999911e-03 5.745700000000000500e+02
1.342429999999999925e-03 5.740629999999999882e+02
1.504569999999999996e-03 5.734139999999999873e+02
1.686280000000000071e-03 5.726159999999999854e+02
1.889950000000000050e-03 5.716620000000000346e+02
2.118210000000000145e-03 5.705430000000000064e+02
2.374040000000000004e-03 5.692490000000000236e+02
2.660769999999999802e-03 5.677680000000000291e+02
2.982129999999999937e-03 5.660879999999999654e+02
3.342299999999999872e-03 5.641920000000000073e+02
3.745969999999999942e-03 5.620650000000000546e+02
4.198399999999999702e-03 5.596879999999999882e+02
4.705469999999999792e-03 5.570420000000000300e+02
5.273779999999999614e-03 5.541059999999999945e+02
5.910730000000000324e-03 5.508559999999999945e+02
6.624599999999999586e-03 5.472680000000000291e+02
7.424700000000000223e-03 5.433160000000000309e+02
8.321429999999999452e-03 5.389740000000000464e+02
9.326469999999999899e-03 5.342129999999999654e+02
1.045289999999999934e-02 5.290059999999999718e+02
1.171540000000000081e-02 5.233220000000000027e+02
1.313029999999999926e-02 5.171349999999999909e+02
1.471609999999999932e-02 5.104159999999999968e+02
1.649350000000000122e-02 5.031379999999999768e+02
1.848549999999999846e-02 4.952760000000000105e+02
2.071809999999999971e-02 4.868090000000000259e+02
2.322039999999999868e-02 4.777189999999999941e+02
2.602490000000000012e-02 4.679900000000000091e+02
2.916809999999999889e-02 4.576139999999999759e+02
3.269090000000000190e-02 4.465880000000000223e+02
3.663919999999999677e-02 4.349150000000000205e+02
4.106440000000000090e-02 4.226059999999999945e+02
4.602400000000000241e-02 4.096779999999999973e+02
5.158259999999999929e-02 3.961600000000000250e+02
5.781259999999999871e-02 3.820830000000000268e+02
6.479500000000000537e-02 3.674929999999999950e+02
7.262079999999999924e-02 3.524379999999999882e+02
8.139169999999999738e-02 3.369759999999999991e+02
9.122189999999999466e-02 3.211700000000000159e+02
1.022389999999999965e-01 3.050910000000000082e+02
1.145879999999999954e-01 2.888120000000000118e+02
1.284270000000000134e-01 2.724100000000000250e+02
1.439380000000000104e-01 2.559650000000000034e+02
1.613219999999999932e-01 2.395569999999999879e+02
1.808059999999999945e-01 2.232669999999999959e+02
2.026439999999999908e-01 2.071769999999999925e+02
2.271179999999999866e-01 1.913650000000000091e+02
2.545490000000000252e-01 1.759099999999999966e+02
2.852919999999999900e-01 1.608890000000000100e+02
3.197490000000000054e-01 1.463779999999999859e+02
3.583669999999999911e-01 1.324530000000000030e+02
4.016500000000000070e-01 1.191889999999999930e+02
4.501589999999999758e-01 1.066670000000000016e+02
5.045279999999999765e-01 9.496680000000000632e+01
5.654630000000000489e-01 8.417740000000000578e+01
6.337580000000000435e-01 7.439480000000000359e+01
7.103009999999999602e-01 6.572610000000000241e+01
7.960890000000000466e-01 5.829310000000000258e+01
8.922379999999999756e-01 5.223550000000000182e+01
1.000000000000000000e+00 4.680736315994030861e+01
