9.929750000000001076e-04 7.186590000000000478e-01
1.064070000000000077e-03 9.530250000000000110e-01
1.140249999999999988e-03 1.207689999999999930e+00
1.221880000000000058e-03 1.475719999999999921e+00
1.309370000000000022e-03 1.751309999999999922e+00
1.403109999999999948e-03 2.028929999999999900e+00
1.503559999999999923e-03 2.303939999999999877e+00
1.611210000000000073e-03 2.572670000000000012e+00
1.726569999999999971e-03 2.832460000000000200e+00
1.850180000000000097e-03 3.081490000000000062e+00
1.982639999999999923e-03 3.318659999999999943e+00
2.124589999999999985e-03 3.543480000000000185e+00
2.276699999999999991e-03 3.755739999999999856e+00
2.439699999999999942e-03 3.955620000000000136e+00
2.614369999999999975e-03 4.143430000000000391e+00
2.801539999999999933e-03 4.319619999999999571e+00
3.002120000000000049e-03 4.484670000000000378e+00
3.217059999999999885e-03 4.639100000000000001e+00
3.447379999999999889e-03 4.783430000000000071e+00
3.694199999999999914e-03 4.918190000000000062e+00
3.958680000000000011e-03 5.043870000000000076e+00
4.242100000000000384e-03 5.160980000000000345e+00
4.545819999999999896e-03 5.269829999999999792e+00
4.871269999999999593e-03 5.371039999999999814e+00
5.220029999999999636e-03 5.464999999999999858e+00
5.593759999999999705e-03 5.552200000000000024e+00
5.994239999999999638e-03 5.632799999999999585e+00
6.423400000000000117e-03 5.707259999999999778e+00
6.883280000000000301e-03 5.775970000000000049e+00
7.376090000000000077e-03 5.839240000000000208e+00
7.904180000000000234e-03 5.897409999999999819e+00
8.470079999999999623e-03 5.950789999999999580e+00
9.076489999999999558e-03 5.999699999999999811e+00
9.726320000000000104e-03 6.044419999999999682e+00
1.042270000000000002e-02 6.085259999999999891e+00
1.116890000000000070e-02 6.122469999999999857e+00
1.196849999999999997e-02 6.156329999999999636e+00
1.282540000000000069e-02 6.187079999999999913e+00
1.374359999999999991e-02 6.214920000000000222e+00
1.472760000000000041e-02 6.240020000000000344e+00
1.578200000000000089e-02 6.262520000000000309e+00
1.691190000000000054e-02 6.282560000000000144e+00
1.812280000000000141e-02 6.300309999999999633e+00
1.942030000000000145e-02 6.315900000000000070e+00
2.081059999999999854e-02 6.329509999999999970e+00
2.230060000000000028e-02 6.341300000000000381e+00
2.389720000000000039e-02 6.351409999999999556e+00
2.560810000000000169e-02 6.359989999999999810e+00
2.744150000000000061e-02 6.367160000000000153e+00
2.940620000000000039e-02 6.373020000000000351e+00
3.151149999999999785e-02 6.377640000000000420e+00
3.376760000000000178e-02 6.381099999999999994e+00
3.618509999999999782e-02 6.383440000000000225e+00
3.877579999999999916e-02 6.384699999999999598e+00
4.155199999999999866e-02 6.384900000000000020e+00
4.452690000000000120e-02 6.384050000000000225e+00
4.771480000000000166e-02 6.382139999999999702e+00
5.113089999999999996e-02 6.379179999999999851e+00
5.479160000000000280e-02 6.375160000000000160e+00
5.871439999999999992e-02 6.370049999999999990e+00
6.291810000000000458e-02 6.363819999999999588e+00
6.742270000000000207e-02 6.356460000000000221e+00
7.224980000000000291e-02 6.347920000000000229e+00
7.742250000000000520e-02 6.338169999999999860e+00
8.296549999999999758e-02 6.327169999999999739e+00
8.890549999999999842e-02 6.314860000000000362e+00
9.527059999999999695e-02 6.301199999999999690e+00
1.020920000000000022e-01 6.286120000000000374e+00
1.094009999999999982e-01 6.269580000000000375e+00
1.172330000000000039e-01 6.251500000000000057e+00
1.256269999999999887e-01 6.231819999999999915e+00
1.346209999999999907e-01 6.210460000000000313e+00
1.442589999999999983e-01 6.187350000000000350e+00
1.545870000000000022e-01 6.162410000000000387e+00
1.656549999999999967e-01 6.135570000000000412e+00
1.775150000000000061e-01 6.106729999999999769e+00
1.902240000000000042e-01 6.075809999999999711e+00
2.038429999999999964e-01 6.042720000000000091e+00
2.184369999999999923e-01 6.007380000000000386e+00
2.340760000000000063e-01 5.969710000000000072e+00
2.508349999999999747e-01 5.929619999999999891e+00
2.687930000000000041e-01 5.887039999999999829e+00
2.880369999999999875e-01 5.841890000000000249e+00
3.086590000000000167e-01 5.794120000000000381e+00
3.307579999999999965e-01 5.743669999999999831e+00
3.544379999999999753e-01 5.690529999999999866e+00
3.798139999999999850e-01 5.634660000000000224e+00
4.070070000000000077e-01 5.576089999999999769e+00
4.361470000000000069e-01 5.514850000000000030e+00
4.673729999999999829e-01 5.451030000000000264e+00
5.008340000000000014e-01 5.384739999999999860e+00
5.366910000000000291e-01 5.316180000000000128e+00
5.751150000000000428e-01 5.245560000000000223e+00
6.162910000000000332e-01 5.173219999999999708e+00
6.604139999999999455e-01 5.099560000000000315e+00
7.076959999999999917e-01 5.025079999999999991e+00
7.583640000000000381e-01 4.950429999999999886e+00
8.126590000000000202e-01 4.876389999999999780e+00
8.708409999999999762e-01 4.803899999999999615e+00
9.331890000000000462e-01 4.734099999999999753e+00
1.000000000000000000e+00 4.665314989100545873e+00
