2.978919999999999919e-03 2.395380000000000009e-01
3.157319999999999918e-03 3.047480000000000189e-01
3.346399999999999809e-03 3.750020000000000020e-01
3.546810000000000067e-03 4.488590000000000080e-01
3.759209999999999809e-03 5.251689999999999969e-01
3.984340000000000277e-03 6.027420000000000000e-01
4.222949999999999621e-03 6.805259999999999643e-01
4.475849999999999967e-03 7.576220000000000176e-01
4.743889999999999739e-03 8.333040000000000447e-01
5.027990000000000410e-03 9.070089999999999542e-01
5.329099999999999809e-03 9.783250000000000002e-01
5.648239999999999685e-03 1.046969999999999956e+00
5.986489999999999694e-03 1.112740000000000062e+00
6.344999999999999946e-03 1.175599999999999978e+00
6.724980000000000194e-03 1.235510000000000108e+00
7.127719999999999716e-03 1.292489999999999917e+00
7.554570000000000035e-03 1.346589999999999954e+00
8.006990000000000288e-03 1.397880000000000011e+00
8.486499999999999252e-03 1.446450000000000014e+00
8.994729999999999392e-03 1.492410000000000014e+00
9.533399999999999166e-03 1.535849999999999937e+00
1.010430000000000009e-02 1.576869999999999994e+00
1.070940000000000086e-02 1.615580000000000016e+00
1.135079999999999943e-02 1.652079999999999993e+00
1.203049999999999953e-02 1.686460000000000070e+00
1.275100000000000018e-02 1.718820000000000014e+00
1.351459999999999988e-02 1.749209999999999932e+00
1.432399999999999993e-02 1.777749999999999941e+00
1.518180000000000050e-02 1.804559999999999942e+00
1.609100000000000114e-02 1.829690000000000039e+00
1.705459999999999962e-02 1.853210000000000024e+00
1.807589999999999891e-02 1.875180000000000069e+00
1.915849999999999845e-02 1.895680000000000032e+00
2.030579999999999885e-02 1.914789999999999992e+00
2.152180000000000065e-02 1.932560000000000056e+00
2.281069999999999973e-02 1.949079999999999924e+00
2.417679999999999829e-02 1.964390000000000081e+00
2.562460000000000085e-02 1.978560000000000096e+00
2.715920000000000140e-02 1.991640000000000077e+00
2.878570000000000087e-02 2.003690000000000193e+00
3.050949999999999843e-02 2.014780000000000015e+00
3.233670000000000294e-02 2.024950000000000028e+00
3.427319999999999672e-02 2.034250000000000114e+00
3.632570000000000243e-02 2.042730000000000157e+00
3.850110000000000338e-02 2.050440000000000040e+00
4.080679999999999724e-02 2.057399999999999896e+00
4.325060000000000016e-02 2.063649999999999984e+00
4.584069999999999812e-02 2.069199999999999928e+00
4.858599999999999725e-02 2.074100000000000055e+00
5.149560000000000248e-02 2.078359999999999985e+00
5.457950000000000301e-02 2.082009999999999916e+00
5.784809999999999952e-02 2.085090000000000110e+00
6.131240000000000301e-02 2.087610000000000188e+00
6.498420000000000585e-02 2.089620000000000033e+00
6.887590000000000379e-02 2.091130000000000155e+00
7.300070000000000170e-02 2.092179999999999929e+00
7.737239999999999396e-02 2.092769999999999797e+00
8.200599999999999556e-02 2.092929999999999957e+00
8.691709999999999714e-02 2.092670000000000030e+00
9.212220000000000131e-02 2.091990000000000016e+00
9.763910000000000644e-02 2.090920000000000112e+00
1.034859999999999947e-01 2.089449999999999807e+00
1.096840000000000037e-01 2.087579999999999991e+00
1.162519999999999942e-01 2.085310000000000219e+00
1.232140000000000041e-01 2.082640000000000047e+00
1.305929999999999869e-01 2.079569999999999919e+00
1.384140000000000092e-01 2.076080000000000148e+00
1.467030000000000001e-01 2.072169999999999845e+00
1.554889999999999883e-01 2.067829999999999835e+00
1.648000000000000020e-01 2.063050000000000050e+00
1.746699999999999919e-01 2.057819999999999983e+00
1.851299999999999890e-01 2.052130000000000010e+00
1.962170000000000025e-01 2.045970000000000066e+00
2.079679999999999862e-01 2.039320000000000022e+00
2.204220000000000068e-01 2.032169999999999810e+00
2.336229999999999973e-01 2.024509999999999810e+00
2.476129999999999998e-01 2.016319999999999890e+00
2.624420000000000086e-01 2.007600000000000051e+00
2.781589999999999896e-01 1.998329999999999940e+00
2.948169999999999957e-01 1.988510000000000000e+00
3.124730000000000008e-01 1.978120000000000100e+00
3.311850000000000072e-01 1.967149999999999954e+00
3.510190000000000254e-01 1.955610000000000070e+00
3.720399999999999818e-01 1.943489999999999940e+00
3.943209999999999771e-01 1.930779999999999941e+00
4.179350000000000009e-01 1.917499999999999982e+00
4.429640000000000244e-01 1.903659999999999908e+00
4.694920000000000204e-01 1.889270000000000005e+00
4.976079999999999948e-01 1.874349999999999961e+00
5.274079999999999879e-01 1.858940000000000037e+00
5.589920000000000444e-01 1.843069999999999986e+00
5.924690000000000234e-01 1.826799999999999979e+00
6.279500000000000082e-01 1.810179999999999900e+00
6.655550000000000077e-01 1.793299999999999894e+00
7.054129999999999567e-01 1.776250000000000107e+00
7.476580000000000448e-01 1.759149999999999991e+00
7.924330000000000540e-01 1.742129999999999956e+00
8.398889999999999967e-01 1.725349999999999939e+00
8.901869999999999505e-01 1.709019999999999984e+00
9.434970000000000301e-01 1.693349999999999911e+00
1.000000000000000000e+00 1.677823555507682141e+00
