2.978919999999999932e-05 2.395479999999999876e+01
3.306120000000000120e-05 3.600410000000000110e+01
3.669260000000000170e-05 4.932260000000000133e+01
4.072280000000000252e-05 6.320680000000000121e+01
4.519569999999999827e-05 7.706050000000000466e+01
5.015990000000000064e-05 9.044029999999999347e+01
5.566929999999999909e-05 1.030699999999999932e+02
6.178389999999999642e-05 1.148059999999999974e+02
6.857009999999999592e-05 1.256009999999999991e+02
7.610170000000000357e-05 1.354650000000000034e+02
8.446049999999999543e-05 1.444370000000000118e+02
9.373740000000000143e-05 1.525709999999999980e+02
1.040329999999999982e-04 1.599259999999999877e+02
1.154599999999999957e-04 1.665620000000000118e+02
1.281420000000000074e-04 1.725349999999999966e+02
1.422170000000000107e-04 1.778909999999999911e+02
1.578370000000000001e-04 1.826920000000000073e+02
1.751740000000000003e-04 1.869819999999999993e+02
1.944150000000000012e-04 1.907959999999999923e+02
2.157689999999999868e-04 1.941810000000000116e+02
2.394680000000000051e-04 1.971750000000000114e+02
2.657709999999999869e-04 1.998149999999999977e+02
2.949620000000000128e-04 2.021359999999999957e+02
3.273600000000000099e-04 2.041719999999999970e+02
3.633169999999999911e-04 2.059550000000000125e+02
4.032220000000000097e-04 2.075130000000000052e+02
4.475109999999999917e-04 2.088669999999999902e+02
4.966649999999999754e-04 2.100360000000000014e+02
5.512170000000000047e-04 2.110389999999999873e+02
6.117619999999999612e-04 2.118950000000000102e+02
6.789559999999999823e-04 2.126239999999999952e+02
7.535309999999999925e-04 2.132450000000000045e+02
8.362969999999999519e-04 2.137750000000000057e+02
9.281540000000000450e-04 2.142270000000000039e+02
1.030099999999999939e-03 2.146119999999999948e+02
1.143240000000000011e-03 2.149370000000000118e+02
1.268809999999999990e-03 2.152090000000000032e+02
1.408179999999999979e-03 2.154310000000000116e+02
1.562849999999999960e-03 2.156069999999999993e+02
1.734510000000000088e-03 2.157390000000000043e+02
1.925019999999999943e-03 2.158280000000000030e+02
2.136460000000000182e-03 2.158760000000000048e+02
2.371129999999999939e-03 2.158820000000000050e+02
2.631559999999999802e-03 2.158489999999999895e+02
2.920610000000000133e-03 2.157740000000000009e+02
3.241400000000000184e-03 2.156589999999999918e+02
3.597429999999999985e-03 2.155010000000000048e+02
3.992560000000000033e-03 2.153009999999999877e+02
4.431090000000000376e-03 2.150560000000000116e+02
4.917790000000000009e-03 2.147640000000000100e+02
5.457949999999999607e-03 2.144240000000000066e+02
6.057439999999999873e-03 2.140320000000000107e+02
6.722770000000000308e-03 2.135860000000000127e+02
7.461190000000000357e-03 2.130809999999999889e+02
8.280710000000000154e-03 2.125159999999999911e+02
9.190240000000000561e-03 2.118839999999999861e+02
1.019970000000000078e-02 2.111810000000000116e+02
1.132000000000000020e-02 2.104029999999999916e+02
1.256329999999999947e-02 2.095430000000000064e+02
1.394330000000000049e-02 2.085960000000000036e+02
1.547480000000000036e-02 2.075560000000000116e+02
1.717449999999999879e-02 2.064149999999999920e+02
1.906089999999999868e-02 2.051659999999999968e+02
2.115449999999999969e-02 2.038019999999999925e+02
2.347799999999999887e-02 2.023149999999999977e+02
2.605680000000000149e-02 2.006959999999999980e+02
2.891880000000000145e-02 1.989370000000000118e+02
3.209519999999999734e-02 1.970310000000000059e+02
3.562040000000000345e-02 1.949670000000000130e+02
3.953290000000000276e-02 1.927390000000000043e+02
4.387510000000000021e-02 1.903369999999999891e+02
4.869419999999999998e-02 1.877529999999999859e+02
5.404269999999999907e-02 1.849809999999999945e+02
5.997859999999999997e-02 1.820130000000000052e+02
6.656650000000000067e-02 1.788439999999999941e+02
7.387799999999999923e-02 1.754679999999999893e+02
8.199249999999999594e-02 1.718830000000000098e+02
9.099839999999999318e-02 1.680850000000000080e+02
1.009929999999999994e-01 1.640749999999999886e+02
1.120860000000000051e-01 1.598540000000000134e+02
1.243979999999999947e-01 1.554240000000000066e+02
1.380609999999999893e-01 1.507909999999999968e+02
1.532250000000000001e-01 1.459619999999999891e+02
1.700550000000000117e-01 1.409470000000000027e+02
1.887340000000000129e-01 1.357570000000000050e+02
2.094640000000000113e-01 1.304079999999999870e+02
2.324710000000000110e-01 1.249150000000000063e+02
2.580049999999999844e-01 1.192980000000000018e+02
2.863430000000000142e-01 1.135799999999999983e+02
3.177949999999999942e-01 1.077840000000000060e+02
3.527000000000000135e-01 1.019369999999999976e+02
3.914400000000000102e-01 9.607170000000000698e+01
4.344350000000000156e-01 9.021989999999999554e+01
4.821520000000000250e-01 8.441949999999999932e+01
5.351110000000000033e-01 7.871210000000000662e+01
5.938860000000000250e-01 7.314390000000000214e+01
6.591169999999999529e-01 6.776699999999999591e+01
7.315129999999999688e-01 6.263989999999999725e+01
8.118600000000000261e-01 5.782880000000000109e+01
9.010329999999999728e-01 5.340930000000000177e+01
1.000000000000000000e+00 4.932757689059041439e+01
