1.117099999999999958e-08 6.387959999999999854e+04
1.341560000000000070e-08 1.226860000000000000e+05
1.611119999999999871e-08 1.876340000000000000e+05
1.934849999999999951e-08 2.505200000000000000e+05
2.323630000000000009e-08 3.069900000000000000e+05
2.790530000000000041e-08 3.557910000000000000e+05
3.351239999999999772e-08 3.971900000000000000e+05
4.024619999999999943e-08 4.319580000000000000e+05
4.833300000000000008e-08 4.609420000000000000e+05
5.804469999999999830e-08 4.849020000000000000e+05
6.970789999999999913e-08 5.045760000000000000e+05
8.371450000000000493e-08 5.205560000000000000e+05
1.005359999999999945e-07 5.334180000000000000e+05
1.207370000000000044e-07 5.436790000000000000e+05
1.449970000000000112e-07 5.518120000000000000e+05
1.741310000000000126e-07 5.581990000000000000e+05
2.091200000000000091e-07 5.631200000000000000e+05
2.511400000000000108e-07 5.668550000000000000e+05
3.016020000000000030e-07 5.696830000000000000e+05
3.622040000000000053e-07 5.718320000000000000e+05
4.349830000000000246e-07 5.734560000000000000e+05
5.223860000000000033e-07 5.746480000000000000e+05
6.273510000000000435e-07 5.754650000000000000e+05
7.534070000000000441e-07 5.759380000000000000e+05
9.047930000000000208e-07 5.760850000000000000e+05
1.086599999999999896e-06 5.759140000000000000e+05
1.304929999999999973e-06 5.754240000000000000e+05
1.567129999999999978e-06 5.746060000000000000e+05
1.882020000000000067e-06 5.734420000000000000e+05
2.260190000000000124e-06 5.719070000000000000e+05
2.714339999999999833e-06 5.699660000000000000e+05
3.259740000000000151e-06 5.675770000000000000e+05
3.914730000000000380e-06 5.646870000000000000e+05
4.701329999999999760e-06 5.612350000000000000e+05
5.645989999999999962e-06 5.571520000000000000e+05
6.780460000000000299e-06 5.523590000000000000e+05
8.142879999999999869e-06 5.467700000000000000e+05
9.779059999999999847e-06 5.402950000000000000e+05
1.174399999999999971e-05 5.328400000000000000e+05
1.410380000000000039e-05 5.243100000000000000e+05
1.693769999999999879e-05 5.146170000000000000e+05
2.034110000000000079e-05 5.036810000000000000e+05
2.442830000000000123e-05 4.914420000000000000e+05
2.933669999999999984e-05 4.778620000000000000e+05
3.523150000000000310e-05 4.629320000000000000e+05
4.231070000000000132e-05 4.466830000000000000e+05
5.081230000000000138e-05 4.291840000000000000e+05
6.102219999999999997e-05 4.105490000000000000e+05
7.328370000000000446e-05 3.909320000000000000e+05
8.800880000000000346e-05 3.705240000000000000e+05
1.056930000000000060e-04 3.495460000000000000e+05
1.269300000000000061e-04 3.282360000000000000e+05
1.524350000000000000e-04 3.068400000000000000e+05
1.830640000000000078e-04 2.856000000000000000e+05
2.198479999999999998e-04 2.647420000000000000e+05
2.640219999999999872e-04 2.444670000000000000e+05
3.170739999999999800e-04 2.249450000000000000e+05
3.807840000000000053e-04 2.063120000000000000e+05
4.572970000000000095e-04 1.886690000000000000e+05
5.491829999999999629e-04 1.720840000000000000e+05
6.595330000000000159e-04 1.565900000000000000e+05
7.920549999999999509e-04 1.421990000000000000e+05
9.512060000000000133e-04 1.288960000000000000e+05
1.142339999999999935e-03 1.166500000000000000e+05
1.371870000000000077e-03 1.054180000000000000e+05
1.647519999999999974e-03 9.514819999999999709e+04
1.978569999999999808e-03 8.578139999999999418e+04
2.376130000000000169e-03 7.725689999999999418e+04
2.853570000000000152e-03 6.951310000000000582e+04
3.426949999999999788e-03 6.248900000000000000e+04
4.115539999999999997e-03 5.612600000000000000e+04
4.942499999999999845e-03 5.036800000000000000e+04
5.935610000000000018e-03 4.516240000000000146e+04
7.128279999999999859e-03 4.045980000000000291e+04
8.560589999999999866e-03 3.621469999999999709e+04
1.028070000000000025e-02 3.238500000000000000e+04
1.234640000000000043e-02 2.893209999999999854e+04
1.482729999999999985e-02 2.582050000000000000e+04
1.780659999999999882e-02 2.301779999999999927e+04
2.138450000000000073e-02 2.049450000000000000e+04
2.568140000000000006e-02 1.822370000000000073e+04
3.084160000000000026e-02 1.618079999999999927e+04
3.703879999999999673e-02 1.434370000000000073e+04
4.448110000000000258e-02 1.269200000000000000e+04
5.341880000000000239e-02 1.120739999999999964e+04
6.415250000000000119e-02 9.873329999999999927e+03
7.704289999999999750e-02 8.674729999999999563e+03
9.252340000000000564e-02 7.598039999999999964e+03
1.111150000000000054e-01 6.631090000000000146e+03
1.334410000000000041e-01 5.762979999999999563e+03
1.602540000000000076e-01 4.983989999999999782e+03
1.924549999999999872e-01 4.285569999999999709e+03
2.311249999999999971e-01 3.660250000000000000e+03
2.775659999999999794e-01 3.101670000000000073e+03
3.333380000000000232e-01 2.604510000000000218e+03
4.003169999999999784e-01 2.164570000000000164e+03
4.807549999999999879e-01 1.778789999999999964e+03
5.773549999999999516e-01 1.445369999999999891e+03
6.933650000000000091e-01 1.163880000000000109e+03
8.326850000000000085e-01 9.354510000000000218e+02
1.000000000000000000e+00 7.518537418904386413e+02
