4.468389999999999952e-08 1.596989999999999964e+04
5.292360000000000282e-08 2.947340000000000146e+04
6.268270000000000317e-08 4.444309999999999854e+04
7.424140000000000462e-08 5.917640000000000146e+04
8.793160000000000104e-08 7.267169999999999709e+04
1.041459999999999983e-07 8.455619999999999709e+04
1.233510000000000039e-07 9.481500000000000000e+04
1.460969999999999880e-07 1.035770000000000000e+05
1.730369999999999897e-07 1.110080000000000000e+05
2.049450000000000131e-07 1.172690000000000000e+05
2.427369999999999851e-07 1.225130000000000000e+05
2.874979999999999980e-07 1.268710000000000000e+05
3.405120000000000252e-07 1.304620000000000000e+05
4.033029999999999950e-07 1.333990000000000000e+05
4.776719999999999643e-07 1.357810000000000000e+05
5.657549999999999729e-07 1.377030000000000000e+05
6.700800000000000286e-07 1.392440000000000000e+05
7.936430000000000347e-07 1.404600000000000000e+05
9.399909999999999631e-07 1.414040000000000000e+05
1.113329999999999978e-06 1.421340000000000000e+05
1.318620000000000091e-06 1.427000000000000000e+05
1.561780000000000105e-06 1.431380000000000000e+05
1.849770000000000079e-06 1.434740000000000000e+05
2.190870000000000083e-06 1.437230000000000000e+05
2.594860000000000089e-06 1.438930000000000000e+05
3.073359999999999828e-06 1.439910000000000000e+05
3.640089999999999821e-06 1.440200000000000000e+05
4.311320000000000254e-06 1.439810000000000000e+05
5.106330000000000118e-06 1.438740000000000000e+05
6.047929999999999708e-06 1.436970000000000000e+05
7.163169999999999893e-06 1.434470000000000000e+05
8.484070000000000240e-06 1.431190000000000000e+05
1.004850000000000044e-05 1.427080000000000000e+05
1.190149999999999947e-05 1.422050000000000000e+05
1.409610000000000045e-05 1.416000000000000000e+05
1.669539999999999943e-05 1.408840000000000000e+05
1.977410000000000097e-05 1.400420000000000000e+05
2.342040000000000026e-05 1.390610000000000000e+05
2.773920000000000032e-05 1.379240000000000000e+05
3.285430000000000154e-05 1.366160000000000000e+05
3.891259999999999739e-05 1.351170000000000000e+05
4.608809999999999670e-05 1.334090000000000000e+05
5.458679999999999717e-05 1.314740000000000000e+05
6.465260000000000505e-05 1.292930000000000000e+05
7.657449999999999674e-05 1.268500000000000000e+05
9.069490000000000472e-05 1.241330000000000000e+05
1.074189999999999959e-04 1.211320000000000000e+05
1.272269999999999933e-04 1.178420000000000000e+05
1.506880000000000047e-04 1.142650000000000000e+05
1.784749999999999878e-04 1.104110000000000000e+05
2.113860000000000120e-04 1.062950000000000000e+05
2.503650000000000059e-04 1.019430000000000000e+05
2.965329999999999746e-04 9.738610000000000582e+04
3.512130000000000135e-04 9.266250000000000000e+04
4.159769999999999917e-04 8.781619999999999709e+04
4.926830000000000532e-04 8.289419999999999709e+04
5.835340000000000275e-04 7.794519999999999709e+04
6.911379999999999954e-04 7.301710000000000582e+04
8.185840000000000217e-04 6.815569999999999709e+04
9.695310000000000386e-04 6.340269999999999709e+04
1.148310000000000042e-03 5.879430000000000291e+04
1.360059999999999958e-03 5.436090000000000146e+04
1.610859999999999983e-03 5.012640000000000146e+04
1.907899999999999917e-03 4.610830000000000291e+04
2.259719999999999784e-03 4.231819999999999709e+04
2.676410000000000160e-03 3.876200000000000000e+04
3.169939999999999997e-03 3.544080000000000291e+04
3.754480000000000144e-03 3.235179999999999927e+04
4.446809999999999825e-03 2.948900000000000000e+04
5.266800000000000301e-03 2.684390000000000146e+04
6.237999999999999622e-03 2.440650000000000000e+04
7.388289999999999615e-03 2.216540000000000146e+04
8.750690000000000204e-03 2.010879999999999927e+04
1.036429999999999990e-02 1.822429999999999927e+04
1.227549999999999995e-02 1.649979999999999927e+04
1.453909999999999925e-02 1.492339999999999964e+04
1.722009999999999860e-02 1.348379999999999927e+04
2.039550000000000043e-02 1.216979999999999927e+04
2.415650000000000089e-02 1.097139999999999964e+04
2.861090000000000161e-02 9.878770000000000437e+03
3.388680000000000164e-02 8.883000000000000000e+03
4.013549999999999757e-02 7.975739999999999782e+03
4.753650000000000236e-02 7.149319999999999709e+03
5.630219999999999669e-02 6.396649999999999636e+03
6.668440000000000478e-02 5.711250000000000000e+03
7.898099999999999565e-02 5.087149999999999636e+03
9.354510000000000602e-02 4.518930000000000291e+03
1.107950000000000046e-01 4.001670000000000073e+03
1.312250000000000083e-01 3.530900000000000091e+03
1.554230000000000056e-01 3.102599999999999909e+03
1.840839999999999976e-01 2.713190000000000055e+03
2.180290000000000006e-01 2.359519999999999982e+03
2.582329999999999903e-01 2.038859999999999900e+03
3.058509999999999840e-01 1.748890000000000100e+03
3.622509999999999897e-01 1.487769999999999982e+03
4.290499999999999869e-01 1.254089999999999918e+03
5.081670000000000353e-01 1.046970000000000027e+03
6.018729999999999913e-01 8.661069999999999709e+02
7.128579999999999917e-01 7.118089999999999691e+02
8.443089999999999762e-01 5.851369999999999436e+02
1.000000000000000000e+00 4.810070327303238287e+02
