1.787350000000000037e-10 3.992470000000000000e+06
2.237120000000000129e-10 8.572770000000000000e+06
2.800060000000000151e-10 1.354040000000000000e+07
3.504649999999999887e-10 1.810030000000000000e+07
4.386540000000000136e-10 2.196330000000000000e+07
5.490349999999999554e-10 2.512750000000000000e+07
6.871919999999999985e-10 2.767930000000000000e+07
8.601139999999999727e-10 2.971340000000000000e+07
1.076549999999999969e-09 3.131750000000000000e+07
1.347449999999999933e-09 3.256370000000000000e+07
1.686510000000000000e-09 3.351850000000000000e+07
2.110899999999999814e-09 3.424090000000000000e+07
2.642080000000000041e-09 3.478180000000000000e+07
3.306919999999999991e-09 3.517770000000000000e+07
4.139059999999999974e-09 3.546050000000000000e+07
5.180590000000000202e-09 3.566170000000000000e+07
6.484210000000000297e-09 3.580520000000000000e+07
8.115869999999999603e-09 3.590520000000000000e+07
1.015809999999999949e-08 3.596910000000000000e+07
1.271419999999999979e-08 3.600080000000000000e+07
1.591360000000000096e-08 3.600230000000000000e+07
1.991800000000000008e-08 3.597380000000000000e+07
2.493010000000000100e-08 3.591480000000000000e+07
3.120340000000000001e-08 3.582340000000000000e+07
3.905529999999999768e-08 3.569650000000000000e+07
4.888300000000000170e-08 3.553000000000000000e+07
6.118369999999999749e-08 3.531810000000000000e+07
7.657969999999999850e-08 3.505430000000000000e+07
9.584989999999999592e-08 3.473050000000000000e+07
1.199690000000000071e-07 3.433740000000000000e+07
1.501579999999999871e-07 3.386500000000000000e+07
1.879430000000000042e-07 3.330250000000000000e+07
2.352360000000000029e-07 3.263920000000000000e+07
2.944289999999999956e-07 3.186480000000000000e+07
3.685180000000000180e-07 3.097110000000000000e+07
4.612510000000000054e-07 2.995230000000000000e+07
5.773180000000000348e-07 2.880700000000000000e+07
7.225910000000000414e-07 2.753860000000000000e+07
9.044210000000000225e-07 2.615630000000000000e+07
1.132009999999999983e-06 2.467550000000000000e+07
1.416860000000000102e-06 2.311690000000000000e+07
1.773389999999999973e-06 2.150560000000000000e+07
2.219640000000000148e-06 1.986910000000000000e+07
2.778179999999999801e-06 1.823570000000000000e+07
3.477270000000000167e-06 1.663220000000000000e+07
4.352270000000000260e-06 1.508220000000000000e+07
5.447459999999999679e-06 1.360510000000000000e+07
6.818229999999999770e-06 1.221550000000000000e+07
8.533940000000000831e-06 1.092300000000000000e+07
1.068140000000000077e-05 9.732720000000000000e+06
1.336920000000000068e-05 8.645800000000000000e+06
1.673340000000000144e-05 7.660370000000000000e+06
2.094410000000000163e-05 6.772280000000000000e+06
2.621430000000000074e-05 5.975850000000000000e+06
3.281080000000000102e-05 5.264480000000000000e+06
4.106719999999999875e-05 4.631160000000000000e+06
5.140109999999999818e-05 4.068820000000000000e+06
6.433549999999999415e-05 3.570580000000000000e+06
8.052460000000000488e-05 3.129930000000000000e+06
1.007869999999999957e-04 2.740810000000000000e+06
1.261489999999999877e-04 2.397640000000000000e+06
1.578929999999999874e-04 2.095350000000000000e+06
1.976240000000000039e-04 1.829380000000000000e+06
2.473530000000000151e-04 1.595610000000000000e+06
3.095959999999999815e-04 1.390360000000000000e+06
3.875020000000000179e-04 1.210330000000000000e+06
4.850109999999999816e-04 1.052580000000000000e+06
6.070570000000000393e-04 9.145090000000000000e+05
7.598140000000000406e-04 7.937800000000000000e+05
9.510109999999999788e-04 6.883240000000000000e+05
1.190319999999999920e-03 5.963070000000000000e+05
1.489850000000000028e-03 5.160960000000000000e+05
1.864739999999999931e-03 4.462480000000000000e+05
2.333979999999999822e-03 3.854840000000000000e+05
2.921289999999999998e-03 3.326740000000000000e+05
3.656389999999999814e-03 2.868200000000000000e+05
4.576470000000000017e-03 2.470410000000000000e+05
5.728070000000000037e-03 2.125630000000000000e+05
7.169459999999999895e-03 1.827040000000000000e+05
8.973550000000000276e-03 1.568660000000000000e+05
1.123159999999999957e-02 1.345230000000000000e+05
1.405789999999999991e-02 1.152150000000000000e+05
1.759540000000000062e-02 9.854089999999999418e+04
2.202300000000000091e-02 8.414900000000000000e+04
2.756470000000000101e-02 7.173269999999999709e+04
3.450099999999999695e-02 6.102530000000000291e+04
4.318269999999999748e-02 5.179440000000000146e+04
5.404899999999999982e-02 4.383850000000000000e+04
6.764960000000000417e-02 3.698269999999999709e+04
8.467270000000000352e-02 3.107590000000000146e+04
1.059790000000000038e-01 2.598759999999999854e+04
1.326469999999999871e-01 2.160590000000000146e+04
1.660260000000000069e-01 1.783500000000000000e+04
2.078039999999999887e-01 1.459379999999999927e+04
2.600950000000000206e-01 1.181429999999999927e+04
3.255449999999999733e-01 9.440770000000000437e+03
4.074630000000000196e-01 7.429079999999999927e+03
5.099949999999999761e-01 5.746239999999999782e+03
6.383280000000000065e-01 4.370699999999999818e+03
7.989549999999999708e-01 3.292960000000000036e+03
1.000000000000000000e+00 2.480977638027938610e+03
