1.489459999999999959e-03 4.776859999999999995e-01
1.589640000000000020e-03 6.238320000000000531e-01
1.696559999999999952e-03 7.820829999999999727e-01
1.810669999999999901e-03 9.485670000000000490e-01
1.932450000000000053e-03 1.119979999999999976e+00
2.062420000000000139e-03 1.293230000000000102e+00
2.201139999999999868e-03 1.465549999999999908e+00
2.349190000000000132e-03 1.634749999999999925e+00
2.507189999999999853e-03 1.799150000000000027e+00
2.675820000000000195e-03 1.957540000000000058e+00
2.855789999999999978e-03 2.109140000000000015e+00
3.047869999999999833e-03 2.253509999999999902e+00
3.252860000000000213e-03 2.390429999999999833e+00
3.471650000000000170e-03 2.519880000000000120e+00
3.705149999999999937e-03 2.641980000000000217e+00
3.954349999999999705e-03 2.756899999999999906e+00
4.220309999999999687e-03 2.864889999999999937e+00
4.504170000000000049e-03 2.966200000000000170e+00
4.807109999999999855e-03 3.061110000000000220e+00
5.130430000000000060e-03 3.149910000000000210e+00
5.475500000000000332e-03 3.232880000000000198e+00
5.843769999999999867e-03 3.310270000000000046e+00
6.236819999999999690e-03 3.382350000000000190e+00
6.656300000000000411e-03 3.449359999999999982e+00
7.103990000000000131e-03 3.511449999999999960e+00
7.581799999999999651e-03 3.569059999999999899e+00
8.091740000000000044e-03 3.622310000000000141e+00
8.635979999999999698e-03 3.671370000000000022e+00
9.216820000000000568e-03 3.716390000000000082e+00
9.836730000000000126e-03 3.757629999999999804e+00
1.049830000000000034e-02 3.795249999999999790e+00
1.120439999999999978e-02 3.829429999999999890e+00
1.195799999999999988e-02 3.860320000000000196e+00
1.276230000000000073e-02 3.888100000000000112e+00
1.362069999999999947e-02 3.912910000000000110e+00
1.453680000000000076e-02 3.934890000000000221e+00
1.551450000000000051e-02 3.954200000000000159e+00
1.655799999999999980e-02 3.970950000000000202e+00
1.767169999999999852e-02 3.985259999999999803e+00
1.886029999999999998e-02 3.997259999999999813e+00
2.012879999999999878e-02 4.007019999999999804e+00
2.148260000000000100e-02 4.014599999999999724e+00
2.292749999999999996e-02 4.020069999999999588e+00
2.446960000000000107e-02 4.023480000000000167e+00
2.611540000000000042e-02 4.024879999999999569e+00
2.787190000000000153e-02 4.024320000000000341e+00
2.974649999999999864e-02 4.021860000000000213e+00
3.174720000000000319e-02 4.017549999999999955e+00
3.388250000000000289e-02 4.011449999999999960e+00
3.616140000000000326e-02 4.003569999999999851e+00
3.859359999999999874e-02 3.993949999999999889e+00
4.118929999999999814e-02 3.982610000000000205e+00
4.395960000000000145e-02 3.969539999999999846e+00
4.691630000000000106e-02 3.954720000000000013e+00
5.007179999999999964e-02 3.938140000000000196e+00
5.343959999999999683e-02 3.919760000000000133e+00
5.703389999999999849e-02 3.899529999999999941e+00
6.086989999999999762e-02 3.877419999999999867e+00
6.496390000000000498e-02 3.853340000000000209e+00
6.933330000000000048e-02 3.827240000000000197e+00
7.399659999999999571e-02 3.799040000000000195e+00
7.897350000000000203e-02 3.768660000000000121e+00
8.428520000000000456e-02 3.736019999999999897e+00
8.995409999999999517e-02 3.701020000000000199e+00
9.600430000000000075e-02 3.663580000000000059e+00
1.024609999999999965e-01 3.623590000000000089e+00
1.093530000000000058e-01 3.580960000000000143e+00
1.167080000000000062e-01 3.535579999999999945e+00
1.245570000000000010e-01 3.487350000000000172e+00
1.329349999999999976e-01 3.436160000000000103e+00
1.418760000000000021e-01 3.381909999999999972e+00
1.514179999999999970e-01 3.324489999999999945e+00
1.616029999999999966e-01 3.263809999999999878e+00
1.724719999999999864e-01 3.199759999999999938e+00
1.840720000000000134e-01 3.132260000000000044e+00
1.964519999999999877e-01 3.061220000000000052e+00
2.096659999999999913e-01 2.986569999999999947e+00
2.237669999999999937e-01 2.908259999999999845e+00
2.388180000000000025e-01 2.826259999999999994e+00
2.548799999999999955e-01 2.740530000000000133e+00
2.720230000000000148e-01 2.651100000000000012e+00
2.903189999999999937e-01 2.557999999999999829e+00
3.098460000000000103e-01 2.461320000000000174e+00
3.306850000000000067e-01 2.361200000000000188e+00
3.529269999999999907e-01 2.257800000000000029e+00
3.766639999999999988e-01 2.151380000000000070e+00
4.019980000000000220e-01 2.042250000000000121e+00
4.290359999999999729e-01 1.930839999999999890e+00
4.578929999999999945e-01 1.817630000000000079e+00
4.886900000000000133e-01 1.703259999999999996e+00
5.215579999999999661e-01 1.588489999999999958e+00
5.566379999999999661e-01 1.474239999999999995e+00
5.940760000000000485e-01 1.361599999999999921e+00
6.340329999999999577e-01 1.251859999999999973e+00
6.766780000000000017e-01 1.146570000000000089e+00
7.221899999999999986e-01 1.047500000000000098e+00
7.707640000000000047e-01 9.567740000000000133e-01
8.226040000000000019e-01 8.768280000000000518e-01
8.779310000000000169e-01 8.104980000000000517e-01
9.369800000000000351e-01 7.610670000000000490e-01
1.000000000000000000e+00 7.146511285661897306e-01
