2.234190000000000034e-05 3.193980000000000175e+01
2.486739999999999844e-05 4.847809999999999775e+01
2.767819999999999870e-05 6.677379999999999427e+01
3.080679999999999785e-05 8.581799999999999784e+01
3.428909999999999668e-05 1.047609999999999957e+02
3.816499999999999797e-05 1.229860000000000042e+02
4.247889999999999744e-05 1.401160000000000139e+02
4.728050000000000243e-05 1.559699999999999989e+02
5.262489999999999822e-05 1.704939999999999998e+02
5.857329999999999704e-05 1.837150000000000034e+02
6.519420000000000000e-05 1.956959999999999980e+02
7.256340000000000392e-05 2.065200000000000102e+02
8.076560000000000477e-05 2.162719999999999914e+02
8.989489999999999883e-05 2.250389999999999873e+02
1.000560000000000056e-04 2.328979999999999961e+02
1.113660000000000041e-04 2.399219999999999970e+02
1.239540000000000130e-04 2.461920000000000073e+02
1.379650000000000115e-04 2.517630000000000052e+02
1.535599999999999867e-04 2.566979999999999791e+02
1.709179999999999922e-04 2.610559999999999832e+02
1.902379999999999902e-04 2.648910000000000196e+02
2.117409999999999909e-04 2.682559999999999718e+02
2.356749999999999958e-04 2.711999999999999886e+02
2.623149999999999983e-04 2.737699999999999818e+02
2.919660000000000029e-04 2.760099999999999909e+02
3.249680000000000233e-04 2.779560000000000173e+02
3.617010000000000255e-04 2.796329999999999814e+02
4.025860000000000246e-04 2.810699999999999932e+02
4.480919999999999782e-04 2.822919999999999732e+02
4.987420000000000438e-04 2.833279999999999745e+02
5.551170000000000453e-04 2.842069999999999936e+02
6.178649999999999941e-04 2.849540000000000077e+02
6.877050000000000437e-04 2.855880000000000223e+02
7.654400000000000440e-04 2.861250000000000000e+02
8.519610000000000377e-04 2.865779999999999745e+02
9.482619999999999548e-04 2.869549999999999841e+02
1.055450000000000095e-03 2.872640000000000100e+02
1.174750000000000013e-03 2.875070000000000050e+02
1.307540000000000048e-03 2.876890000000000214e+02
1.455340000000000062e-03 2.878120000000000118e+02
1.619839999999999995e-03 2.878770000000000095e+02
1.802940000000000055e-03 2.878860000000000241e+02
2.006739999999999913e-03 2.878380000000000223e+02
2.233569999999999826e-03 2.877339999999999804e+02
2.486040000000000125e-03 2.875729999999999791e+02
2.767050000000000065e-03 2.873530000000000086e+02
3.079820000000000040e-03 2.870729999999999791e+02
3.427949999999999921e-03 2.867309999999999945e+02
3.815419999999999923e-03 2.863240000000000123e+02
4.246699999999999954e-03 2.858480000000000132e+02
4.726730000000000168e-03 2.853000000000000114e+02
5.261009999999999992e-03 2.846759999999999877e+02
5.855690000000000200e-03 2.839700000000000273e+02
6.517590000000000189e-03 2.831770000000000209e+02
7.254299999999999984e-03 2.822909999999999968e+02
8.074289999999999592e-03 2.813039999999999736e+02
8.986970000000000375e-03 2.802099999999999795e+02
1.000279999999999919e-02 2.790000000000000000e+02
1.113349999999999930e-02 2.776669999999999732e+02
1.239190000000000083e-02 2.761999999999999886e+02
1.379269999999999975e-02 2.745889999999999986e+02
1.535169999999999937e-02 2.728260000000000218e+02
1.708700000000000149e-02 2.708980000000000246e+02
1.901840000000000128e-02 2.687950000000000159e+02
2.116820000000000160e-02 2.665049999999999955e+02
2.356089999999999920e-02 2.640160000000000196e+02
2.622410000000000019e-02 2.613179999999999836e+02
2.918839999999999976e-02 2.583980000000000246e+02
3.248770000000000130e-02 2.552450000000000045e+02
3.615990000000000176e-02 2.518480000000000132e+02
4.024729999999999974e-02 2.481980000000000075e+02
4.479659999999999892e-02 2.442849999999999966e+02
4.986020000000000035e-02 2.401020000000000039e+02
5.549609999999999960e-02 2.356409999999999911e+02
6.176910000000000039e-02 2.309000000000000057e+02
6.875119999999999842e-02 2.258739999999999952e+02
7.652249999999999330e-02 2.205639999999999930e+02
8.517220000000000346e-02 2.149720000000000084e+02
9.479959999999999776e-02 2.091040000000000134e+02
1.055149999999999977e-01 2.029650000000000034e+02
1.174420000000000047e-01 1.965680000000000121e+02
1.307169999999999999e-01 1.899250000000000114e+02
1.454930000000000112e-01 1.830519999999999925e+02
1.619389999999999996e-01 1.759699999999999989e+02
1.802429999999999866e-01 1.686990000000000123e+02
2.006169999999999898e-01 1.612649999999999864e+02
2.232939999999999925e-01 1.536939999999999884e+02
2.485340000000000049e-01 1.460169999999999959e+02
2.766270000000000118e-01 1.382659999999999911e+02
3.078949999999999743e-01 1.304759999999999991e+02
3.426980000000000026e-01 1.226839999999999975e+02
3.814350000000000240e-01 1.149300000000000068e+02
4.245510000000000117e-01 1.072579999999999956e+02
4.725400000000000156e-01 9.971500000000000341e+01
5.259530000000000038e-01 9.235280000000000200e+01
5.854040000000000354e-01 8.522790000000000532e+01
6.515760000000000440e-01 7.840340000000000487e+01
7.252260000000000373e-01 7.195000000000000284e+01
8.072019999999999751e-01 6.594759999999999422e+01
8.984440000000000204e-01 6.048720000000000141e+01
1.000000000000000000e+00 5.547889503072989470e+01
