1.787349999999999887e-04 3.991049999999999986e+00
1.948449999999999954e-04 5.634280000000000399e+00
2.124059999999999989e-04 7.437509999999999621e+00
2.315499999999999904e-04 9.331559999999999633e+00
2.524189999999999832e-04 1.125469999999999970e+01
2.751690000000000212e-04 1.315559999999999974e+01
2.999699999999999893e-04 1.499639999999999951e+01
3.270060000000000197e-04 1.675150000000000006e+01
3.564789999999999864e-04 1.840630000000000166e+01
3.886079999999999765e-04 1.995429999999999993e+01
4.236329999999999740e-04 2.139420000000000144e+01
4.618150000000000228e-04 2.272830000000000084e+01
5.034370000000000251e-04 2.396079999999999899e+01
5.488119999999999761e-04 2.509690000000000154e+01
5.982760000000000161e-04 2.614219999999999899e+01
6.521979999999999921e-04 2.710219999999999985e+01
7.109790000000000380e-04 2.798239999999999839e+01
7.750590000000000344e-04 2.878829999999999956e+01
8.449150000000000106e-04 2.952329999999999899e+01
9.210660000000000071e-04 3.019440000000000168e+01
1.004080000000000077e-03 3.080539999999999878e+01
1.094579999999999945e-03 3.135950000000000060e+01
1.193229999999999985e-03 3.186100000000000065e+01
1.300780000000000079e-03 3.231400000000000006e+01
1.418009999999999930e-03 3.272189999999999799e+01
1.545820000000000050e-03 3.308820000000000050e+01
1.685139999999999902e-03 3.341629999999999967e+01
1.837019999999999972e-03 3.370929999999999893e+01
2.002589999999999839e-03 3.397030000000000172e+01
2.183080000000000003e-03 3.420210000000000150e+01
2.379839999999999820e-03 3.440729999999999933e+01
2.594330000000000160e-03 3.458800000000000097e+01
2.828160000000000136e-03 3.474580000000000268e+01
3.083049999999999940e-03 3.488230000000000075e+01
3.360929999999999820e-03 3.499909999999999854e+01
3.663839999999999805e-03 3.509810000000000230e+01
3.994059999999999798e-03 3.518110000000000070e+01
4.354039999999999994e-03 3.524969999999999715e+01
4.746470000000000029e-03 3.530550000000000210e+01
5.174259999999999970e-03 3.534949999999999903e+01
5.640619999999999835e-03 3.538300000000000267e+01
6.148999999999999952e-03 3.540650000000000119e+01
6.703200000000000304e-03 3.542069999999999652e+01
7.307349999999999783e-03 3.542580000000000240e+01
7.965959999999999361e-03 3.542219999999999658e+01
8.683919999999999487e-03 3.540990000000000038e+01
9.466600000000000362e-03 3.538889999999999958e+01
1.031980000000000050e-02 3.535909999999999798e+01
1.124990000000000018e-02 3.532030000000000314e+01
1.226389999999999945e-02 3.527230000000000132e+01
1.336919999999999949e-02 3.521479999999999677e+01
1.457420000000000070e-02 3.514739999999999753e+01
1.588770000000000113e-02 3.506980000000000075e+01
1.731960000000000097e-02 3.498140000000000072e+01
1.888070000000000026e-02 3.488179999999999836e+01
2.058230000000000129e-02 3.477020000000000266e+01
2.243739999999999971e-02 3.464609999999999701e+01
2.445970000000000089e-02 3.450869999999999749e+01
2.666419999999999901e-02 3.435719999999999885e+01
2.906740000000000018e-02 3.419080000000000297e+01
3.168719999999999870e-02 3.400840000000000174e+01
3.454320000000000307e-02 3.380919999999999703e+01
3.765650000000000247e-02 3.359190000000000254e+01
4.105049999999999671e-02 3.335540000000000305e+01
4.475029999999999980e-02 3.309850000000000136e+01
4.878360000000000335e-02 3.281989999999999696e+01
5.318040000000000267e-02 3.251800000000000068e+01
5.797349999999999726e-02 3.219160000000000110e+01
6.319859999999999367e-02 3.183899999999999864e+01
6.889460000000000028e-02 3.145880000000000010e+01
7.510400000000000409e-02 3.104909999999999926e+01
8.187310000000000421e-02 3.060849999999999937e+01
8.925220000000000375e-02 3.013520000000000110e+01
9.729640000000000510e-02 2.962750000000000128e+01
1.060659999999999936e-01 2.908370000000000033e+01
1.156250000000000056e-01 2.850219999999999843e+01
1.260459999999999914e-01 2.788159999999999883e+01
1.374070000000000014e-01 2.722019999999999840e+01
1.497910000000000075e-01 2.651699999999999946e+01
1.632919999999999927e-01 2.577090000000000103e+01
1.780090000000000006e-01 2.498110000000000142e+01
1.940530000000000033e-01 2.414720000000000155e+01
2.115430000000000088e-01 2.326920000000000144e+01
2.306090000000000084e-01 2.234779999999999944e+01
2.513929999999999776e-01 2.138410000000000011e+01
2.740509999999999891e-01 2.038009999999999877e+01
2.987509999999999888e-01 1.933869999999999933e+01
3.256769999999999943e-01 1.826360000000000028e+01
3.550300000000000122e-01 1.716000000000000014e+01
3.870290000000000119e-01 1.603440000000000154e+01
4.219109999999999805e-01 1.489470000000000027e+01
4.599380000000000135e-01 1.375070000000000014e+01
5.013910000000000311e-01 1.261420000000000030e+01
5.465809999999999835e-01 1.149929999999999986e+01
5.958440000000000403e-01 1.042239999999999966e+01
6.495469999999999855e-01 9.402950000000000585e+00
7.080899999999999972e-01 8.463260000000000005e+00
7.719089999999999563e-01 7.629150000000000098e+00
8.414810000000000345e-01 6.930180000000000007e+00
9.173229999999999995e-01 6.399980000000000224e+00
1.000000000000000000e+00 5.910346604774155743e+00
