4.468389999999999704e-12 1.596990000000000000e+08
5.802959999999999741e-12 3.756140000000000000e+08
7.536120000000000002e-12 6.042970000000000000e+08
9.786929999999999375e-12 8.038470000000000000e+08
1.271000000000000057e-11 9.647030000000000000e+08
1.650610000000000052e-11 1.090600000000000000e+09
2.143590000000000078e-11 1.187520000000000000e+09
2.783809999999999949e-11 1.261030000000000000e+09
3.615250000000000130e-11 1.315700000000000000e+09
4.695020000000000244e-11 1.355600000000000000e+09
6.097270000000000494e-11 1.384280000000000000e+09
7.918340000000000286e-11 1.404450000000000000e+09
1.028329999999999953e-10 1.418150000000000000e+09
1.335460000000000112e-10 1.427370000000000000e+09
1.734320000000000066e-10 1.433570000000000000e+09
2.252309999999999897e-10 1.437560000000000000e+09
2.925009999999999808e-10 1.439700000000000000e+09
3.798609999999999769e-10 1.440170000000000000e+09
4.933139999999999572e-10 1.439020000000000000e+09
6.406519999999999710e-10 1.436210000000000000e+09
8.319949999999999791e-10 1.431630000000000000e+09
1.080490000000000060e-09 1.425060000000000000e+09
1.403189999999999990e-09 1.416210000000000000e+09
1.822280000000000039e-09 1.404680000000000000e+09
2.366539999999999978e-09 1.390000000000000000e+09
3.073359999999999818e-09 1.371600000000000000e+09
3.991270000000000011e-09 1.348830000000000000e+09
5.183340000000000011e-09 1.321010000000000000e+09
6.731450000000000366e-09 1.287480000000000000e+09
8.741920000000000765e-09 1.247640000000000000e+09
1.135290000000000037e-08 1.201090000000000000e+09
1.474359999999999942e-08 1.147670000000000000e+09
1.914710000000000143e-08 1.087630000000000000e+09
2.486569999999999945e-08 1.021600000000000000e+09
3.229229999999999860e-08 9.506820000000000000e+08
4.193709999999999904e-08 8.763260000000000000e+08
5.446239999999999672e-08 8.002310000000000000e+08
7.072860000000000244e-08 7.241760000000000000e+08
9.185299999999999538e-08 6.498460000000000000e+08
1.192870000000000014e-07 5.786930000000000000e+08
1.549140000000000066e-07 5.118430000000000000e+08
2.011820000000000078e-07 4.500600000000000000e+08
2.612689999999999819e-07 3.937610000000000000e+08
3.393019999999999766e-07 3.430650000000000000e+08
4.406409999999999817e-07 2.978570000000000000e+08
5.722460000000000011e-07 2.578610000000000000e+08
7.431580000000000428e-07 2.226960000000000000e+08
9.651169999999999196e-07 1.919330000000000000e+08
1.253369999999999953e-06 1.651240000000000000e+08
1.627709999999999955e-06 1.418320000000000000e+08
2.113859999999999951e-06 1.216470000000000000e+08
2.745199999999999991e-06 1.041890000000000000e+08
3.565109999999999820e-06 8.911550000000000000e+07
4.629889999999999645e-06 7.612180000000000000e+07
6.012700000000000047e-06 6.493720000000000000e+07
7.808499999999999862e-06 5.532360000000000000e+07
1.014069999999999932e-05 4.707210000000000000e+07
1.316939999999999964e-05 3.999950000000000000e+07
1.710260000000000122e-05 3.394610000000000000e+07
2.221070000000000065e-05 2.877230000000000000e+07
2.884430000000000097e-05 2.435680000000000000e+07
3.745920000000000212e-05 2.059360000000000000e+07
4.864709999999999710e-05 1.739100000000000000e+07
6.317650000000000067e-05 1.466920000000000000e+07
8.204540000000000563e-05 1.235930000000000000e+07
1.065500000000000014e-04 1.040140000000000000e+07
1.383730000000000116e-04 8.744160000000000000e+06
1.797009999999999927e-04 7.343130000000000000e+06
2.333720000000000011e-04 6.160170000000000000e+06
3.030730000000000034e-04 5.162520000000000000e+06
3.935909999999999929e-04 4.322140000000000000e+06
5.111449999999999588e-04 3.615030000000000000e+06
6.638079999999999979e-04 3.020690000000000000e+06
8.620659999999999825e-04 2.521670000000000000e+06
1.119540000000000032e-03 2.103110000000000000e+06
1.453910000000000098e-03 1.752370000000000000e+06
1.888149999999999898e-03 1.458760000000000000e+06
2.452080000000000145e-03 1.213180000000000000e+06
3.184440000000000187e-03 1.007960000000000000e+06
4.135530000000000109e-03 8.366200000000000000e+05
5.370690000000000013e-03 6.936740000000000000e+05
6.974750000000000047e-03 5.745090000000000000e+05
9.057890000000000733e-03 4.752390000000000000e+05
1.176319999999999970e-02 3.925990000000000000e+05
1.527650000000000015e-02 3.238420000000000000e+05
1.983909999999999840e-02 2.666680000000000000e+05
2.576449999999999921e-02 2.191460000000000000e+05
3.345950000000000313e-02 1.796620000000000000e+05
4.345279999999999976e-02 1.468660000000000000e+05
5.643080000000000318e-02 1.196300000000000000e+05
7.328500000000000292e-02 9.701469999999999709e+04
9.517299999999999371e-02 7.823969999999999709e+04
1.235979999999999995e-01 6.265719999999999709e+04
1.605129999999999890e-01 4.973269999999999709e+04
2.084529999999999994e-01 3.902850000000000000e+04
2.707120000000000082e-01 3.019000000000000000e+04
3.515650000000000164e-01 2.293570000000000073e+04
4.565670000000000006e-01 1.705029999999999927e+04
5.929290000000000393e-01 1.238000000000000000e+04
7.700190000000000090e-01 8.832079999999999927e+03
1.000000000000000000e+00 6.300943569188384572e+03
