9.929750000000000012e-11 7.186450000000000000e+06
1.250169999999999985e-10 1.566450000000000000e+07
1.573980000000000028e-10 2.483010000000000000e+07
1.981659999999999907e-10 3.317750000000000000e+07
2.494940000000000175e-10 4.019070000000000000e+07
3.141170000000000228e-10 4.589170000000000000e+07
3.954779999999999965e-10 5.045560000000000000e+07
4.979120000000000069e-10 5.406600000000000000e+07
6.268779999999999936e-10 5.688800000000000000e+07
7.892490000000000318e-10 5.906020000000000000e+07
9.936750000000000867e-10 6.070750000000000000e+07
1.251049999999999935e-09 6.194150000000000000e+07
1.575089999999999986e-09 6.285490000000000000e+07
1.983059999999999974e-09 6.351250000000000000e+07
2.496699999999999867e-09 6.397590000000000000e+07
3.143379999999999954e-09 6.430280000000000000e+07
3.957570000000000014e-09 6.453240000000000000e+07
4.982630000000000195e-09 6.468680000000000000e+07
6.273200000000000216e-09 6.477700000000000000e+07
7.898050000000000039e-09 6.480820000000000000e+07
9.943760000000000825e-09 6.478280000000000000e+07
1.251930000000000080e-08 6.470040000000000000e+07
1.576199999999999913e-08 6.455850000000000000e+07
1.984460000000000155e-08 6.435200000000000000e+07
2.498459999999999994e-08 6.407360000000000000e+07
3.145600000000000056e-08 6.371370000000000000e+07
3.960360000000000001e-08 6.325990000000000000e+07
4.986149999999999951e-08 6.269730000000000000e+07
6.277629999999999548e-08 6.200890000000000000e+07
7.903620000000000465e-08 6.117530000000000000e+07
9.950770000000000370e-08 6.017590000000000000e+07
1.252819999999999965e-07 5.898970000000000000e+07
1.577309999999999981e-07 5.759650000000000000e+07
1.985860000000000022e-07 5.597930000000000000e+07
2.500229999999999883e-07 5.412620000000000000e+07
3.147820000000000191e-07 5.203310000000000000e+07
3.963150000000000121e-07 4.970580000000000000e+07
4.989660000000000225e-07 4.716140000000000000e+07
6.282050000000000060e-07 4.442920000000000000e+07
7.909200000000000440e-07 4.154940000000000000e+07
9.957789999999999066e-07 3.857070000000000000e+07
1.253699999999999957e-06 3.554690000000000000e+07
1.578429999999999980e-06 3.253280000000000000e+07
1.987260000000000181e-06 2.958010000000000000e+07
2.501990000000000079e-06 2.673390000000000000e+07
3.150040000000000168e-06 2.403080000000000000e+07
3.965939999999999844e-06 2.149730000000000000e+07
4.993180000000000193e-06 1.915040000000000000e+07
6.286490000000000013e-06 1.699830000000000000e+07
7.914770000000000456e-06 1.504160000000000000e+07
9.964810000000000567e-06 1.327540000000000000e+07
1.254579999999999938e-05 1.169060000000000000e+07
1.579540000000000127e-05 1.027550000000000000e+07
1.988660000000000032e-05 9.016810000000000000e+06
2.503749999999999872e-05 7.900910000000000000e+06
3.152260000000000207e-05 6.914130000000000000e+06
3.968740000000000223e-05 6.043360000000000000e+06
4.996699999999999780e-05 5.276320000000000000e+06
6.290920000000000409e-05 4.601670000000000000e+06
7.920359999999999499e-05 4.009070000000000000e+06
9.971839999999999719e-05 3.489170000000000000e+06
1.255469999999999958e-04 3.033580000000000000e+06
1.580650000000000121e-04 2.634780000000000000e+06
1.990059999999999984e-04 2.286070000000000000e+06
2.505520000000000230e-04 1.981510000000000000e+06
3.154480000000000196e-04 1.715780000000000000e+06
3.971539999999999858e-04 1.484200000000000000e+06
5.000230000000000473e-04 1.282590000000000000e+06
6.295359999999999845e-04 1.107270000000000000e+06
7.925939999999999808e-04 9.549730000000000000e+05
9.978870000000000361e-04 8.228250000000000000e+05
1.256350000000000045e-03 7.082800000000000000e+05
1.581769999999999921e-03 6.090950000000000000e+05
1.991469999999999959e-03 5.232990000000000000e+05
2.507290000000000126e-03 4.491570000000000000e+05
3.156710000000000071e-03 3.851480000000000000e+05
3.974339999999999817e-03 3.299370000000000000e+05
5.003750000000000385e-03 2.823580000000000000e+05
6.299800000000000365e-03 2.413890000000000000e+05
7.931529999999999136e-03 2.061400000000000000e+05
9.985910000000000619e-03 1.758360000000000000e+05
1.257239999999999920e-02 1.498000000000000000e+05
1.582880000000000051e-02 1.274460000000000000e+05
1.992870000000000058e-02 1.082630000000000000e+05
2.509050000000000169e-02 9.181000000000000000e+04
3.158939999999999665e-02 7.770419999999999709e+04
3.977139999999999842e-02 6.561489999999999418e+04
5.007280000000000064e-02 5.525650000000000000e+04
6.304239999999999844e-02 4.638300000000000000e+04
7.937120000000000286e-02 3.878269999999999709e+04
9.992950000000000443e-02 3.227390000000000146e+04
1.258130000000000082e-01 2.670140000000000146e+04
1.584000000000000130e-01 2.193329999999999927e+04
1.994279999999999942e-01 1.785800000000000000e+04
2.510820000000000274e-01 1.438229999999999927e+04
3.161160000000000081e-01 1.143010000000000036e+04
3.979949999999999877e-01 8.940540000000000873e+03
5.010809999999999986e-01 6.868140000000000327e+03
6.308679999999999843e-01 5.182369999999999891e+03
7.942719999999999780e-01 3.868539999999999964e+03
1.000000000000000000e+00 2.887791113381264040e+03
