1.489459999999999892e-07 4.790970000000000255e+03
1.743009999999999936e-07 8.532440000000000509e+03
2.039709999999999939e-07 1.268850000000000000e+04
2.386919999999999777e-07 1.683470000000000073e+04
2.793239999999999937e-07 2.069800000000000000e+04
3.268720000000000169e-07 2.415759999999999854e+04
3.825140000000000065e-07 2.719020000000000073e+04
4.476279999999999899e-07 2.981840000000000146e+04
5.238260000000000479e-07 3.208009999999999854e+04
6.129949999999999645e-07 3.401600000000000000e+04
7.173430000000000198e-07 3.566309999999999854e+04
8.394530000000000458e-07 3.705859999999999854e+04
9.823489999999999775e-07 3.823109999999999854e+04
1.149569999999999990e-06 3.920990000000000146e+04
1.345260000000000017e-06 4.002130000000000291e+04
1.574260000000000069e-06 4.068950000000000000e+04
1.842230000000000105e-06 4.123709999999999854e+04
2.155830000000000161e-06 4.168380000000000291e+04
2.522810000000000076e-06 4.204380000000000291e+04
2.952259999999999835e-06 4.232950000000000000e+04
3.454809999999999792e-06 4.255440000000000146e+04
4.042899999999999866e-06 4.273130000000000291e+04
4.731110000000000176e-06 4.287100000000000000e+04
5.536469999999999865e-06 4.298080000000000291e+04
6.478919999999999626e-06 4.306580000000000291e+04
7.581799999999999983e-06 4.312909999999999854e+04
8.872419999999999664e-06 4.317269999999999709e+04
1.038269999999999971e-05 4.319769999999999709e+04
1.215010000000000078e-05 4.320480000000000291e+04
1.421839999999999926e-05 4.319440000000000146e+04
1.663870000000000046e-05 4.316630000000000291e+04
1.947110000000000065e-05 4.312030000000000291e+04
2.278560000000000085e-05 4.305550000000000000e+04
2.666430000000000151e-05 4.297100000000000000e+04
3.120319999999999968e-05 4.286540000000000146e+04
3.651479999999999808e-05 4.273690000000000146e+04
4.273060000000000047e-05 4.258350000000000000e+04
5.000439999999999849e-05 4.240259999999999854e+04
5.851650000000000124e-05 4.219130000000000291e+04
6.847749999999999616e-05 4.194669999999999709e+04
8.013420000000000265e-05 4.166500000000000000e+04
9.377509999999999600e-05 4.134230000000000291e+04
1.097379999999999986e-04 4.097469999999999709e+04
1.284179999999999892e-04 4.055759999999999854e+04
1.502780000000000001e-04 4.008659999999999854e+04
1.758599999999999866e-04 3.955719999999999709e+04
2.057960000000000063e-04 3.896500000000000000e+04
2.408269999999999899e-04 3.830609999999999854e+04
2.818219999999999861e-04 3.757700000000000000e+04
3.297959999999999846e-04 3.677500000000000000e+04
3.859360000000000264e-04 3.589850000000000000e+04
4.516319999999999883e-04 3.494700000000000000e+04
5.285109999999999548e-04 3.392190000000000146e+04
6.184769999999999808e-04 3.282559999999999854e+04
7.237580000000000185e-04 3.166290000000000146e+04
8.469610000000000246e-04 3.043979999999999927e+04
9.911349999999999761e-04 2.916429999999999927e+04
1.159850000000000030e-03 2.784570000000000073e+04
1.357289999999999929e-03 2.649440000000000146e+04
1.588339999999999934e-03 2.512190000000000146e+04
1.858709999999999963e-03 2.373970000000000073e+04
2.175110000000000064e-03 2.235940000000000146e+04
2.545369999999999924e-03 2.099240000000000146e+04
2.978660000000000162e-03 1.964900000000000000e+04
3.485709999999999937e-03 1.833859999999999854e+04
4.079059999999999804e-03 1.706929999999999927e+04
4.773419999999999573e-03 1.584760000000000036e+04
5.585979999999999938e-03 1.467889999999999964e+04
6.536860000000000240e-03 1.356689999999999964e+04
7.649610000000000264e-03 1.251410000000000036e+04
8.951769999999999519e-03 1.152170000000000073e+04
1.047559999999999984e-02 1.059000000000000000e+04
1.225880000000000025e-02 9.718219999999999345e+03
1.434560000000000002e-02 8.905030000000000655e+03
1.678759999999999974e-02 8.148420000000000073e+03
1.964520000000000155e-02 7.446029999999999745e+03
2.298940000000000011e-02 6.795189999999999600e+03
2.690280000000000102e-02 6.193050000000000182e+03
3.148229999999999779e-02 5.636689999999999600e+03
3.684140000000000331e-02 5.123140000000000327e+03
4.311279999999999973e-02 4.649510000000000218e+03
5.045170000000000210e-02 4.212960000000000036e+03
5.903989999999999932e-02 3.810769999999999982e+03
6.908999999999999864e-02 3.440369999999999891e+03
8.085090000000000332e-02 3.099320000000000164e+03
9.461379999999999790e-02 2.785369999999999891e+03
1.107199999999999990e-01 2.496400000000000091e+03
1.295669999999999877e-01 2.230469999999999800e+03
1.516220000000000068e-01 1.985839999999999918e+03
1.774330000000000074e-01 1.760890000000000100e+03
2.076359999999999872e-01 1.554210000000000036e+03
2.429810000000000025e-01 1.364569999999999936e+03
2.843430000000000124e-01 1.190890000000000100e+03
3.327450000000000130e-01 1.032319999999999936e+03
3.893869999999999831e-01 8.882000000000000455e+02
4.556709999999999927e-01 7.580850000000000364e+02
5.332379999999999898e-01 6.417910000000000537e+02
6.240090000000000359e-01 5.394099999999999682e+02
7.302319999999999922e-01 4.513559999999999945e+02
8.545359999999999623e-01 3.784159999999999968e+02
1.000000000000000000e+00 3.172631351904618100e+02
