1.117099999999999994e-03 6.373889999999999834e-01
1.195670000000000023e-03 8.414610000000000145e-01
1.279760000000000012e-03 1.062889999999999890e+00
1.369769999999999972e-03 1.295909999999999895e+00
1.466110000000000069e-03 1.535560000000000036e+00
1.569230000000000017e-03 1.777120000000000033e+00
1.679600000000000060e-03 2.016599999999999948e+00
1.797729999999999988e-03 2.250859999999999861e+00
1.924170000000000004e-03 2.477559999999999985e+00
2.059500000000000133e-03 2.695120000000000182e+00
2.204359999999999827e-03 2.902530000000000054e+00
2.359400000000000212e-03 3.099289999999999878e+00
2.525340000000000050e-03 3.285219999999999807e+00
2.702959999999999911e-03 3.460409999999999986e+00
2.893059999999999816e-03 3.625129999999999963e+00
3.096540000000000056e-03 3.779630000000000045e+00
3.314329999999999880e-03 3.924350000000000005e+00
3.547439999999999795e-03 4.059709999999999930e+00
3.796949999999999891e-03 4.186130000000000351e+00
4.063999999999999904e-03 4.304039999999999644e+00
4.349829999999999842e-03 4.413850000000000051e+00
4.655770000000000047e-03 4.515970000000000262e+00
4.983229999999999951e-03 4.610759999999999970e+00
5.333720000000000128e-03 4.698470000000000368e+00
5.708849999999999689e-03 4.779729999999999812e+00
6.110380000000000325e-03 4.854739999999999611e+00
6.540139999999999842e-03 4.923770000000000202e+00
7.000130000000000241e-03 4.987110000000000376e+00
7.492480000000000147e-03 5.045079999999999565e+00
8.019449999999999149e-03 5.097970000000000113e+00
8.583479999999999235e-03 5.146029999999999660e+00
9.187189999999999593e-03 5.189519999999999911e+00
9.833359999999999324e-03 5.228699999999999903e+00
1.052499999999999963e-02 5.263770000000000060e+00
1.126519999999999952e-02 5.294990000000000308e+00
1.205750000000000051e-02 5.322560000000000180e+00
1.290559999999999971e-02 5.346680000000000099e+00
1.381330000000000058e-02 5.367539999999999978e+00
1.478480000000000072e-02 5.385299999999999976e+00
1.582470000000000057e-02 5.400070000000000370e+00
1.693769999999999998e-02 5.411950000000000038e+00
1.812899999999999928e-02 5.421039999999999637e+00
1.940410000000000051e-02 5.427439999999999820e+00
2.076880000000000046e-02 5.431230000000000224e+00
2.222959999999999867e-02 5.432520000000000238e+00
2.379300000000000165e-02 5.431420000000000137e+00
2.546649999999999955e-02 5.427990000000000315e+00
2.725759999999999988e-02 5.422320000000000029e+00
2.917480000000000073e-02 5.414460000000000051e+00
3.122669999999999960e-02 5.404449999999999754e+00
3.342300000000000132e-02 5.392310000000000159e+00
3.577380000000000143e-02 5.378029999999999866e+00
3.828979999999999884e-02 5.361600000000000144e+00
4.098290000000000266e-02 5.342990000000000350e+00
4.386539999999999884e-02 5.322149999999999714e+00
4.695060000000000205e-02 5.299019999999999619e+00
5.025280000000000025e-02 5.273520000000000429e+00
5.378720000000000029e-02 5.245569999999999844e+00
5.757029999999999786e-02 5.215090000000000003e+00
6.161939999999999779e-02 5.181960000000000122e+00
6.595330000000000636e-02 5.146090000000000053e+00
7.059200000000000197e-02 5.107350000000000279e+00
7.555699999999999916e-02 5.065610000000000390e+00
8.087110000000000132e-02 5.020760000000000112e+00
8.655909999999999993e-02 4.972640000000000171e+00
9.264709999999999612e-02 4.921120000000000161e+00
9.916329999999999589e-02 4.866060000000000052e+00
1.061379999999999962e-01 4.807280000000000442e+00
1.136029999999999957e-01 4.744650000000000034e+00
1.215930000000000066e-01 4.677999999999999936e+00
1.301450000000000107e-01 4.607169999999999987e+00
1.392980000000000051e-01 4.532000000000000028e+00
1.490960000000000063e-01 4.452329999999999899e+00
1.595820000000000016e-01 4.368019999999999570e+00
1.708060000000000134e-01 4.278900000000000148e+00
1.828200000000000103e-01 4.184859999999999580e+00
1.956779999999999908e-01 4.085759999999999614e+00
2.094409999999999883e-01 3.981500000000000039e+00
2.241710000000000091e-01 3.871999999999999886e+00
2.399380000000000124e-01 3.757219999999999782e+00
2.568139999999999867e-01 3.637129999999999974e+00
2.748760000000000092e-01 3.511769999999999836e+00
2.942089999999999983e-01 3.381209999999999827e+00
3.149020000000000152e-01 3.245610000000000106e+00
3.370500000000000163e-01 3.105189999999999895e+00
3.607560000000000211e-01 2.960249999999999826e+00
3.861290000000000000e-01 2.811220000000000052e+00
4.132870000000000155e-01 2.658640000000000114e+00
4.423549999999999982e-01 2.503190000000000026e+00
4.734670000000000267e-01 2.345709999999999962e+00
5.067679999999999962e-01 2.187269999999999825e+00
5.424109999999999765e-01 2.029139999999999944e+00
5.805599999999999650e-01 1.872829999999999995e+00
6.213929999999999731e-01 1.720190000000000108e+00
6.650979999999999670e-01 1.573380000000000001e+00
7.118759999999999533e-01 1.434960000000000013e+00
7.619449999999999834e-01 1.307930000000000037e+00
8.155350000000000099e-01 1.195789999999999909e+00
8.728949999999999765e-01 1.102649999999999908e+00
9.342880000000000074e-01 1.033209999999999962e+00
1.000000000000000000e+00 9.681420324526046617e-01
