9.929750000000000093e-07 7.186440000000000055e+02
1.140169999999999919e-06 1.207470000000000027e+03
1.309179999999999974e-06 1.750849999999999909e+03
1.503249999999999965e-06 2.303230000000000018e+03
1.726079999999999955e-06 2.831579999999999927e+03
1.981939999999999866e-06 3.317780000000000200e+03
2.275739999999999916e-06 3.755039999999999964e+03
2.613079999999999891e-06 4.143180000000000291e+03
3.000430000000000087e-06 4.485069999999999709e+03
3.445200000000000066e-06 4.784640000000000327e+03
3.955889999999999830e-06 5.046029999999999745e+03
4.542289999999999840e-06 5.273079999999999927e+03
5.215620000000000218e-06 5.469470000000000255e+03
5.988750000000000048e-06 5.638659999999999854e+03
6.876490000000000293e-06 5.783399999999999636e+03
7.895830000000000261e-06 5.906630000000000109e+03
9.066260000000000505e-06 6.010979999999999563e+03
1.041020000000000072e-05 6.098920000000000073e+03
1.195329999999999955e-05 6.172750000000000000e+03
1.372520000000000032e-05 6.234510000000000218e+03
1.575980000000000114e-05 6.285739999999999782e+03
1.809590000000000067e-05 6.327720000000000255e+03
2.077840000000000082e-05 6.361819999999999709e+03
2.385849999999999866e-05 6.389439999999999600e+03
2.739510000000000136e-05 6.411850000000000364e+03
3.145599999999999834e-05 6.430060000000000400e+03
3.611889999999999735e-05 6.444819999999999709e+03
4.147300000000000086e-05 6.456619999999999891e+03
4.762070000000000300e-05 6.465810000000000400e+03
5.467969999999999759e-05 6.472630000000000109e+03
6.278509999999999625e-05 6.477210000000000036e+03
7.209209999999999371e-05 6.479659999999999854e+03
8.277860000000000057e-05 6.480039999999999964e+03
9.504920000000000469e-05 6.478369999999999891e+03
1.091389999999999998e-04 6.474630000000000109e+03
1.253170000000000065e-04 6.468800000000000182e+03
1.438929999999999994e-04 6.460810000000000400e+03
1.652229999999999866e-04 6.450550000000000182e+03
1.897149999999999954e-04 6.437890000000000327e+03
2.178369999999999948e-04 6.422680000000000291e+03
2.501280000000000148e-04 6.404720000000000255e+03
2.872059999999999739e-04 6.383770000000000437e+03
3.297800000000000037e-04 6.359590000000000146e+03
3.786649999999999803e-04 6.331869999999999891e+03
4.347959999999999889e-04 6.300289999999999964e+03
4.992479999999999878e-04 6.264500000000000000e+03
5.732530000000000221e-04 6.224079999999999927e+03
6.582289999999999756e-04 6.178640000000000327e+03
7.558019999999999712e-04 6.127729999999999563e+03
8.678380000000000078e-04 6.070890000000000327e+03
9.964810000000000161e-04 6.007649999999999636e+03
1.144190000000000007e-03 5.937539999999999964e+03
1.313799999999999951e-03 5.860119999999999891e+03
1.508549999999999995e-03 5.774939999999999600e+03
1.732170000000000107e-03 5.681640000000000327e+03
1.988939999999999805e-03 5.579869999999999891e+03
2.283770000000000071e-03 5.469409999999999854e+03
2.622310000000000092e-03 5.350109999999999673e+03
3.011020000000000103e-03 5.221960000000000036e+03
3.457360000000000034e-03 5.085069999999999709e+03
3.969860000000000402e-03 4.939710000000000036e+03
4.558330000000000194e-03 4.786300000000000182e+03
5.234029999999999759e-03 4.625430000000000291e+03
6.009900000000000311e-03 4.457829999999999927e+03
6.900769999999999647e-03 4.284380000000000109e+03
7.923710000000000475e-03 4.106090000000000146e+03
9.098270000000000315e-03 3.924050000000000182e+03
1.044699999999999969e-02 3.739420000000000073e+03
1.199560000000000036e-02 3.553420000000000073e+03
1.377369999999999983e-02 3.367230000000000018e+03
1.581540000000000029e-02 3.182050000000000182e+03
1.815980000000000025e-02 2.998960000000000036e+03
2.085180000000000020e-02 2.819000000000000000e+03
2.394270000000000079e-02 2.643070000000000164e+03
2.749180000000000026e-02 2.471980000000000018e+03
3.156710000000000071e-02 2.306389999999999873e+03
3.624639999999999807e-02 2.146840000000000146e+03
4.161940000000000084e-02 1.993720000000000027e+03
4.778879999999999934e-02 1.847329999999999927e+03
5.487279999999999935e-02 1.707829999999999927e+03
6.300680000000000169e-02 1.575299999999999955e+03
7.234659999999999702e-02 1.449710000000000036e+03
8.307090000000000307e-02 1.330990000000000009e+03
9.538489999999999469e-02 1.218980000000000018e+03
1.095239999999999964e-01 1.113500000000000000e+03
1.257590000000000097e-01 1.014320000000000050e+03
1.444010000000000016e-01 9.212019999999999982e+02
1.658070000000000099e-01 8.338980000000000246e+02
1.903849999999999987e-01 7.521589999999999918e+02
2.186069999999999958e-01 6.757480000000000473e+02
2.510120000000000129e-01 6.044479999999999791e+02
2.882199999999999762e-01 5.380660000000000309e+02
3.309440000000000159e-01 4.764499999999999886e+02
3.800020000000000064e-01 4.194850000000000136e+02
4.363310000000000244e-01 3.671150000000000091e+02
5.010109999999999841e-01 3.193419999999999845e+02
5.752779999999999561e-01 2.762409999999999854e+02
6.605539999999999745e-01 2.379749999999999943e+02
7.584710000000000063e-01 2.048060000000000116e+02
8.709019999999999539e-01 1.771150000000000091e+02
1.000000000000000000e+00 1.531678394248360178e+02
