2.234190000000000047e-03 3.194009999999999905e-01
2.374810000000000202e-03 4.108410000000000117e-01
2.524279999999999840e-03 5.095669999999999922e-01
2.683159999999999972e-03 6.134279999999999733e-01
2.852040000000000131e-03 7.206249999999999600e-01
3.031550000000000043e-03 8.293639999999999901e-01
3.222360000000000068e-03 9.380760000000000209e-01
3.425169999999999951e-03 1.045409999999999950e+00
3.640749999999999889e-03 1.150390000000000024e+00
3.869899999999999902e-03 1.252210000000000045e+00
4.113470000000000147e-03 1.350319999999999965e+00
4.372380000000000363e-03 1.444369999999999932e+00
4.647570000000000173e-03 1.534170000000000034e+00
4.940090000000000280e-03 1.619639999999999969e+00
5.251020000000000340e-03 1.700779999999999959e+00
5.581520000000000405e-03 1.777660000000000018e+00
5.932820000000000107e-03 1.850410000000000110e+00
6.306240000000000283e-03 1.919140000000000068e+00
6.703149999999999734e-03 1.983999999999999986e+00
7.125049999999999960e-03 2.045170000000000154e+00
7.573500000000000371e-03 2.102780000000000094e+00
8.050180000000000530e-03 2.157000000000000028e+00
8.556859999999999467e-03 2.207990000000000119e+00
9.095429999999999834e-03 2.255889999999999951e+00
9.667890000000000164e-03 2.300850000000000062e+00
1.027639999999999977e-02 2.342940000000000023e+00
1.092319999999999923e-02 2.382390000000000008e+00
1.161069999999999984e-02 2.419309999999999850e+00
1.234150000000000004e-02 2.453840000000000021e+00
1.311820000000000000e-02 2.486029999999999962e+00
1.394390000000000039e-02 2.516010000000000080e+00
1.482149999999999961e-02 2.543899999999999828e+00
1.575439999999999827e-02 2.569819999999999993e+00
1.674600000000000047e-02 2.593850000000000211e+00
1.779999999999999985e-02 2.616099999999999870e+00
1.892030000000000101e-02 2.636660000000000004e+00
2.011119999999999922e-02 2.655629999999999935e+00
2.137700000000000017e-02 2.673090000000000188e+00
2.272240000000000024e-02 2.689130000000000020e+00
2.415259999999999976e-02 2.703840000000000021e+00
2.567279999999999909e-02 2.717299999999999827e+00
2.728859999999999966e-02 2.729569999999999830e+00
2.900609999999999994e-02 2.740740000000000176e+00
3.083179999999999948e-02 2.750840000000000174e+00
3.277240000000000014e-02 2.759939999999999838e+00
3.483499999999999791e-02 2.768060000000000187e+00
3.702760000000000079e-02 2.775250000000000217e+00
3.935810000000000003e-02 2.781559999999999810e+00
4.183529999999999888e-02 2.787040000000000184e+00
4.446839999999999821e-02 2.791720000000000201e+00
4.726729999999999821e-02 2.795650000000000190e+00
5.024229999999999668e-02 2.798890000000000100e+00
5.340450000000000058e-02 2.801470000000000127e+00
5.676579999999999820e-02 2.803420000000000023e+00
6.033859999999999918e-02 2.804780000000000051e+00
6.413639999999999619e-02 2.805579999999999963e+00
6.817310000000000036e-02 2.805829999999999824e+00
7.246389999999999776e-02 2.805559999999999832e+00
7.702480000000000437e-02 2.804759999999999920e+00
8.187279999999999558e-02 2.803450000000000220e+00
8.702590000000000325e-02 2.801629999999999843e+00
9.250329999999999664e-02 2.799290000000000056e+00
9.832539999999999336e-02 2.796440000000000037e+00
1.045139999999999958e-01 2.793060000000000098e+00
1.110919999999999963e-01 2.789149999999999796e+00
1.180839999999999945e-01 2.784699999999999953e+00
1.255169999999999897e-01 2.779689999999999994e+00
1.334170000000000078e-01 2.774109999999999854e+00
1.418139999999999956e-01 2.767929999999999779e+00
1.507400000000000129e-01 2.761150000000000215e+00
1.602270000000000083e-01 2.753750000000000142e+00
1.703119999999999912e-01 2.745699999999999807e+00
1.810309999999999975e-01 2.736990000000000034e+00
1.924250000000000127e-01 2.727599999999999802e+00
2.045369999999999966e-01 2.717490000000000183e+00
2.174099999999999921e-01 2.706669999999999909e+00
2.310939999999999939e-01 2.695089999999999986e+00
2.456389999999999962e-01 2.682739999999999903e+00
2.610999999999999988e-01 2.669599999999999973e+00
2.775329999999999742e-01 2.655660000000000132e+00
2.950010000000000132e-01 2.640890000000000182e+00
3.135689999999999866e-01 2.625280000000000058e+00
3.333050000000000179e-01 2.608820000000000139e+00
3.542830000000000146e-01 2.591499999999999915e+00
3.765819999999999723e-01 2.573319999999999830e+00
4.002839999999999732e-01 2.554269999999999818e+00
4.254780000000000229e-01 2.534380000000000077e+00
4.522570000000000201e-01 2.513659999999999783e+00
4.807230000000000114e-01 2.492140000000000022e+00
5.109789999999999610e-01 2.469850000000000101e+00
5.431399999999999562e-01 2.446860000000000035e+00
5.773260000000000058e-01 2.423230000000000217e+00
6.136629999999999585e-01 2.399059999999999970e+00
6.522869999999999502e-01 2.374449999999999950e+00
6.933420000000000138e-01 2.349559999999999871e+00
7.369809999999999972e-01 2.324559999999999960e+00
7.833660000000000068e-01 2.299640000000000128e+00
8.326710000000000500e-01 2.275059999999999860e+00
8.850799999999999779e-01 2.251110000000000166e+00
9.407870000000000399e-01 2.228149999999999853e+00
1.000000000000000000e+00 2.205424253583699645e+00
