2.234189999999999864e-06 3.193960000000000150e+02
2.544660000000000129e-06 5.230109999999999673e+02
2.898269999999999866e-06 7.492540000000000191e+02
3.301010000000000096e-06 9.809170000000000300e+02
3.759719999999999894e-06 1.204920000000000073e+03
4.282179999999999716e-06 1.413480000000000018e+03
4.877230000000000058e-06 1.603160000000000082e+03
5.554979999999999625e-06 1.773269999999999982e+03
6.326900000000000359e-06 1.924599999999999909e+03
7.206089999999999645e-06 2.058489999999999782e+03
8.207459999999999512e-06 2.176489999999999782e+03
9.347970000000000557e-06 2.280099999999999909e+03
1.064699999999999988e-05 2.370679999999999836e+03
1.212649999999999986e-05 2.449679999999999836e+03
1.381160000000000004e-05 2.518190000000000055e+03
1.573089999999999875e-05 2.577309999999999945e+03
1.791680000000000098e-05 2.628090000000000146e+03
2.040659999999999873e-05 2.671510000000000218e+03
2.324229999999999938e-05 2.708460000000000036e+03
2.647210000000000020e-05 2.739800000000000182e+03
3.015059999999999895e-05 2.766309999999999945e+03
3.434040000000000074e-05 2.788599999999999909e+03
3.911240000000000181e-05 2.807139999999999873e+03
4.454749999999999997e-05 2.822400000000000091e+03
5.073780000000000065e-05 2.834920000000000073e+03
5.778839999999999715e-05 2.845170000000000073e+03
6.581869999999999377e-05 2.853579999999999927e+03
7.496490000000000456e-05 2.860489999999999782e+03
8.538209999999999691e-05 2.866130000000000109e+03
9.724690000000000569e-05 2.870650000000000091e+03
1.107600000000000034e-04 2.874179999999999836e+03
1.261520000000000078e-04 2.876789999999999964e+03
1.436820000000000111e-04 2.878519999999999982e+03
1.636479999999999890e-04 2.879409999999999854e+03
1.863889999999999937e-04 2.879480000000000018e+03
2.122899999999999885e-04 2.878739999999999782e+03
2.417890000000000122e-04 2.877179999999999836e+03
2.753890000000000157e-04 2.874780000000000200e+03
3.136570000000000091e-04 2.871530000000000200e+03
3.572429999999999811e-04 2.867380000000000109e+03
4.068860000000000207e-04 2.862289999999999964e+03
4.634269999999999796e-04 2.856199999999999818e+03
5.278249999999999956e-04 2.849039999999999964e+03
6.011719999999999694e-04 2.840730000000000018e+03
6.847119999999999726e-04 2.831179999999999836e+03
7.798599999999999500e-04 2.820280000000000200e+03
8.882300000000000525e-04 2.807909999999999854e+03
1.011659999999999946e-03 2.793949999999999818e+03
1.152239999999999905e-03 2.778250000000000000e+03
1.312360000000000046e-03 2.760670000000000073e+03
1.494719999999999946e-03 2.741050000000000182e+03
1.702430000000000002e-03 2.719210000000000036e+03
1.938999999999999968e-03 2.694980000000000018e+03
2.208449999999999823e-03 2.668179999999999836e+03
2.515330000000000083e-03 2.638639999999999873e+03
2.864869999999999830e-03 2.606170000000000073e+03
3.262970000000000020e-03 2.570619999999999891e+03
3.716399999999999912e-03 2.531829999999999927e+03
4.232829999999999926e-03 2.489659999999999854e+03
4.821029999999999587e-03 2.444010000000000218e+03
5.490959999999999591e-03 2.394809999999999945e+03
6.253990000000000070e-03 2.342030000000000200e+03
7.123049999999999694e-03 2.285670000000000073e+03
8.112869999999999457e-03 2.225800000000000182e+03
9.240240000000000259e-03 2.162530000000000200e+03
1.052430000000000032e-02 2.096039999999999964e+03
1.198669999999999944e-02 2.026559999999999945e+03
1.365240000000000030e-02 1.954369999999999891e+03
1.554960000000000023e-02 1.879809999999999945e+03
1.771040000000000114e-02 1.803250000000000000e+03
2.017139999999999905e-02 1.725109999999999900e+03
2.297439999999999899e-02 1.645819999999999936e+03
2.616699999999999929e-02 1.565839999999999918e+03
2.980319999999999844e-02 1.485619999999999891e+03
3.394470000000000126e-02 1.405609999999999900e+03
3.866159999999999736e-02 1.326230000000000018e+03
4.403409999999999963e-02 1.247890000000000100e+03
5.015309999999999907e-02 1.170950000000000045e+03
5.712239999999999679e-02 1.095740000000000009e+03
6.506019999999999859e-02 1.022539999999999964e+03
7.410100000000000020e-02 9.515890000000000555e+02
8.439820000000000655e-02 8.830750000000000455e+02
9.612619999999999498e-02 8.171490000000000009e+02
1.094839999999999980e-01 7.539199999999999591e+02
1.246980000000000033e-01 6.934610000000000127e+02
1.420260000000000133e-01 6.358120000000000118e+02
1.617619999999999891e-01 5.809880000000000564e+02
1.842409999999999881e-01 5.289850000000000136e+02
2.098430000000000017e-01 4.797819999999999823e+02
2.390029999999999932e-01 4.333539999999999850e+02
2.722149999999999848e-01 3.896700000000000159e+02
3.100419999999999843e-01 3.487060000000000173e+02
3.531259999999999954e-01 3.104490000000000123e+02
4.021970000000000267e-01 2.748990000000000009e+02
4.580859999999999932e-01 2.420829999999999984e+02
5.217420000000000391e-01 2.120579999999999927e+02
5.942439999999999944e-01 1.849180000000000064e+02
6.768210000000000059e-01 1.608050000000000068e+02
7.708720000000000017e-01 1.399170000000000016e+02
8.779930000000000234e-01 1.225190000000000055e+02
1.000000000000000000e+00 1.072843154114208204e+02
