9.929749999999999961e-09 7.186450000000000000e+04
1.193900000000000023e-08 1.384810000000000000e+05
1.435489999999999972e-08 2.120320000000000000e+05
1.725959999999999859e-08 2.831520000000000000e+05
2.075199999999999948e-08 3.469070000000000000e+05
2.495120000000000044e-08 4.019100000000000000e+05
3.000010000000000273e-08 4.484950000000000000e+05
3.607049999999999864e-08 4.875590000000000000e+05
4.336939999999999791e-08 5.200730000000000000e+05
5.214510000000000018e-08 5.469090000000000000e+05
6.269670000000000581e-08 5.689070000000000000e+05
7.538329999999999713e-08 5.867410000000000000e+05
9.063700000000000620e-08 6.010670000000000000e+05
1.089769999999999970e-07 6.124730000000000000e+05
1.310290000000000015e-07 6.214950000000000000e+05
1.575419999999999955e-07 6.285650000000000000e+05
1.894210000000000125e-07 6.339950000000000000e+05
2.277500000000000111e-07 6.381040000000000000e+05
2.738349999999999900e-07 6.412090000000000000e+05
3.292460000000000089e-07 6.435610000000000000e+05
3.958680000000000082e-07 6.453310000000000000e+05
4.759719999999999954e-07 6.466210000000000000e+05
5.722839999999999912e-07 6.474890000000000000e+05
6.880859999999999584e-07 6.479700000000000000e+05
8.273189999999999982e-07 6.480820000000000000e+05
9.947270000000000901e-07 6.478330000000000000e+05
1.196009999999999921e-06 6.472190000000000000e+05
1.438019999999999955e-06 6.462280000000000000e+05
1.729000000000000090e-06 6.448390000000000000e+05
2.078859999999999863e-06 6.430210000000000000e+05
2.499520000000000084e-06 6.407320000000000000e+05
3.005299999999999839e-06 6.379210000000000000e+05
3.613420000000000125e-06 6.345260000000000000e+05
4.344590000000000021e-06 6.304750000000000000e+05
5.223710000000000339e-06 6.256870000000000000e+05
6.280730000000000258e-06 6.200690000000000000e+05
7.551630000000000236e-06 6.135220000000000000e+05
9.079689999999999799e-06 6.059400000000000000e+05
1.091700000000000068e-05 5.972150000000000000e+05
1.312599999999999935e-05 5.872400000000000000e+05
1.578199999999999899e-05 5.759160000000000000e+05
1.897550000000000153e-05 5.631560000000000000e+05
2.281520000000000138e-05 5.488960000000000000e+05
2.743180000000000051e-05 5.331020000000000000e+05
3.298259999999999826e-05 5.157750000000000000e+05
3.965670000000000268e-05 4.969630000000000000e+05
4.768109999999999992e-05 4.767590000000000000e+05
5.732940000000000036e-05 4.553070000000000000e+05
6.892989999999999881e-05 4.327990000000000000e+05
8.287789999999999469e-05 4.094630000000000000e+05
9.964809999999999889e-05 3.855620000000000000e+05
1.198119999999999974e-04 3.613730000000000000e+05
1.440559999999999909e-04 3.371780000000000000e+05
1.732050000000000061e-04 3.132490000000000000e+05
2.082530000000000134e-04 2.898370000000000000e+05
2.503930000000000131e-04 2.671600000000000000e+05
3.010600000000000212e-04 2.454020000000000000e+05
3.619790000000000117e-04 2.247020000000000000e+05
4.352250000000000216e-04 2.051630000000000000e+05
5.232929999999999787e-04 1.868470000000000000e+05
6.291810000000000328e-04 1.697830000000000000e+05
7.564950000000000407e-04 1.539710000000000000e+05
9.095709999999999689e-04 1.393880000000000000e+05
1.093620000000000009e-03 1.259910000000000000e+05
1.314920000000000021e-03 1.137270000000000000e+05
1.580989999999999999e-03 1.025310000000000000e+05
1.900900000000000072e-03 9.233660000000000582e+04
2.285539999999999967e-03 8.307200000000000000e+04
2.748019999999999890e-03 7.466719999999999709e+04
3.304080000000000038e-03 6.705310000000000582e+04
3.972660000000000254e-03 6.016390000000000146e+04
4.776530000000000185e-03 5.393690000000000146e+04
5.743050000000000412e-03 4.831340000000000146e+04
6.905149999999999656e-03 4.323900000000000000e+04
8.302409999999999651e-03 3.866319999999999709e+04
9.982390000000000707e-03 3.453959999999999854e+04
1.200230000000000047e-02 3.082570000000000073e+04
1.443099999999999938e-02 2.748250000000000000e+04
1.735110000000000124e-02 2.447450000000000000e+04
2.086210000000000148e-02 2.176940000000000146e+04
2.508350000000000163e-02 1.933770000000000073e+04
3.015910000000000118e-02 1.715259999999999854e+04
3.626179999999999681e-02 1.518979999999999927e+04
4.359930000000000055e-02 1.342720000000000073e+04
5.242159999999999875e-02 1.184470000000000073e+04
6.302900000000000169e-02 1.042439999999999964e+04
7.578290000000000026e-02 9.149809999999999491e+03
9.111750000000000405e-02 8.006229999999999563e+03
1.095549999999999996e-01 6.980430000000000291e+03
1.317230000000000067e-01 6.060560000000000400e+03
1.583779999999999910e-01 5.236100000000000364e+03
1.904250000000000109e-01 4.497770000000000437e+03
2.289579999999999949e-01 3.837460000000000036e+03
2.752870000000000039e-01 3.248260000000000218e+03
3.309909999999999797e-01 2.724400000000000091e+03
3.979670000000000152e-01 2.261309999999999945e+03
4.784950000000000037e-01 1.855630000000000109e+03
5.753179999999999961e-01 1.505349999999999909e+03
6.917330000000000423e-01 1.209930000000000064e+03
8.317050000000000276e-01 9.704800000000000182e+02
1.000000000000000000e+00 7.784183942238543068e+02
