8.936769999999999480e-04 7.970920000000000227e-01
9.586700000000000083e-04 1.061069999999999958e+00
1.028389999999999903e-03 1.348049999999999971e+00
1.103180000000000046e-03 1.650020000000000042e+00
1.183409999999999974e-03 1.960229999999999917e+00
1.269469999999999973e-03 2.272299999999999986e+00
1.361790000000000092e-03 2.580890000000000128e+00
1.460820000000000044e-03 2.881880000000000219e+00
1.567059999999999894e-03 3.172270000000000145e+00
1.681030000000000024e-03 3.450050000000000061e+00
1.803279999999999987e-03 3.714100000000000179e+00
1.934420000000000063e-03 3.963789999999999925e+00
2.075099999999999861e-03 4.199060000000000237e+00
2.226010000000000055e-03 4.420110000000000205e+00
2.387900000000000092e-03 4.627340000000000231e+00
2.561550000000000112e-03 4.821250000000000036e+00
2.747840000000000091e-03 5.002419999999999867e+00
2.947679999999999832e-03 5.171439999999999593e+00
3.162050000000000017e-03 5.328899999999999970e+00
3.392000000000000050e-03 5.475389999999999979e+00
3.638689999999999980e-03 5.611480000000000246e+00
3.903310000000000113e-03 5.737729999999999997e+00
4.187169999999999608e-03 5.854409999999999670e+00
4.491679999999999631e-03 5.962449999999999584e+00
4.818339999999999949e-03 6.062059999999999782e+00
5.168749999999999734e-03 6.153789999999999871e+00
5.544649999999999926e-03 6.237899999999999778e+00
5.947880000000000007e-03 6.314890000000000114e+00
6.380430000000000303e-03 6.385159999999999947e+00
6.844450000000000187e-03 6.449049999999999727e+00
7.342210000000000056e-03 6.506940000000000168e+00
7.876160000000000105e-03 6.559179999999999566e+00
8.448950000000000210e-03 6.606060000000000265e+00
9.063399999999999235e-03 6.647949999999999804e+00
9.722530000000000061e-03 6.685109999999999886e+00
1.042960000000000068e-02 6.717850000000000321e+00
1.118809999999999943e-02 6.746410000000000018e+00
1.200170000000000056e-02 6.771040000000000170e+00
1.287459999999999993e-02 6.791909999999999670e+00
1.381079999999999981e-02 6.809140000000000192e+00
1.481520000000000059e-02 6.822879999999999612e+00
1.589269999999999919e-02 6.833260000000000112e+00
1.704839999999999828e-02 6.840429999999999566e+00
1.828830000000000039e-02 6.844520000000000159e+00
1.961830000000000171e-02 6.845690000000000275e+00
2.104500000000000121e-02 6.844050000000000189e+00
2.257549999999999835e-02 6.839730000000000310e+00
2.421730000000000063e-02 6.832790000000000141e+00
2.597850000000000159e-02 6.823299999999999699e+00
2.786780000000000160e-02 6.811300000000000132e+00
2.989440000000000153e-02 6.796789999999999665e+00
3.206849999999999978e-02 6.779749999999999943e+00
3.440069999999999933e-02 6.760159999999999947e+00
3.690240000000000187e-02 6.737949999999999662e+00
3.958609999999999907e-02 6.713049999999999962e+00
4.246500000000000274e-02 6.685380000000000322e+00
4.555329999999999796e-02 6.654840000000000089e+00
4.886610000000000259e-02 6.621319999999999872e+00
5.241989999999999844e-02 6.584679999999999644e+00
5.623210000000000014e-02 6.544810000000000016e+00
6.032150000000000012e-02 6.501540000000000319e+00
6.470839999999999925e-02 6.454729999999999634e+00
6.941429999999999823e-02 6.404219999999999580e+00
7.446239999999999803e-02 6.349820000000000242e+00
7.987760000000000693e-02 6.291360000000000063e+00
8.568670000000000453e-02 6.228640000000000398e+00
9.191820000000000546e-02 6.161469999999999558e+00
9.860289999999999333e-02 6.089640000000000164e+00
1.057740000000000069e-01 6.012929999999999886e+00
1.134659999999999974e-01 5.931149999999999700e+00
1.217180000000000067e-01 5.844050000000000189e+00
1.305699999999999916e-01 5.751430000000000042e+00
1.400649999999999951e-01 5.653069999999999595e+00
1.502509999999999957e-01 5.548739999999999561e+00
1.611779999999999879e-01 5.438250000000000028e+00
1.728999999999999981e-01 5.321410000000000196e+00
1.854740000000000000e-01 5.198019999999999641e+00
1.989630000000000010e-01 5.067940000000000111e+00
2.134320000000000106e-01 4.931029999999999802e+00
2.289539999999999909e-01 4.787209999999999965e+00
2.456039999999999890e-01 4.636420000000000208e+00
2.634659999999999780e-01 4.478690000000000282e+00
2.826259999999999883e-01 4.314079999999999693e+00
3.031800000000000050e-01 4.142750000000000377e+00
3.252289999999999903e-01 3.964970000000000105e+00
3.488809999999999967e-01 3.781099999999999905e+00
3.742530000000000023e-01 3.591650000000000009e+00
4.014699999999999935e-01 3.397310000000000052e+00
4.306670000000000220e-01 3.198929999999999829e+00
4.619869999999999810e-01 2.997590000000000199e+00
4.955849999999999977e-01 2.794639999999999791e+00
5.316260000000000430e-01 2.591709999999999958e+00
5.702880000000000171e-01 2.390779999999999905e+00
6.117620000000000280e-01 2.194230000000000125e+00
6.562519999999999465e-01 2.004869999999999930e+00
7.039779999999999927e-01 1.826070000000000082e+00
7.551740000000000119e-01 1.661739999999999995e+00
8.100939999999999808e-01 1.516510000000000025e+00
8.690080000000000027e-01 1.395739999999999981e+00
9.322059999999999791e-01 1.305660000000000043e+00
1.000000000000000000e+00 1.221393730125368782e+00
