2.234189999999999874e-11 3.193980000000000000e+07
2.855150000000000087e-11 7.226170000000000000e+07
3.648700000000000154e-11 1.154540000000000000e+08
4.662800000000000044e-11 1.539940000000000000e+08
5.958759999999999542e-11 1.857240000000000000e+08
7.614910000000000073e-11 2.110450000000000000e+08
9.731359999999999522e-11 2.309460000000000000e+08
1.243599999999999976e-10 2.463750000000000000e+08
1.589249999999999966e-10 2.581590000000000000e+08
2.030950000000000106e-10 2.670060000000000000e+08
2.595429999999999898e-10 2.735430000000000000e+08
3.316789999999999772e-10 2.783140000000000000e+08
4.238640000000000058e-10 2.817110000000000000e+08
5.416699999999999503e-10 2.840580000000000000e+08
6.922200000000000146e-10 2.856750000000000000e+08
8.846120000000000261e-10 2.867870000000000000e+08
1.130480000000000009e-09 2.875160000000000000e+08
1.444680000000000020e-09 2.879230000000000000e+08
1.846200000000000097e-09 2.880350000000000000e+08
2.359329999999999958e-09 2.878620000000000000e+08
3.015060000000000133e-09 2.874000000000000000e+08
3.853059999999999927e-09 2.866310000000000000e+08
4.923959999999999610e-09 2.855250000000000000e+08
6.292499999999999932e-09 2.840370000000000000e+08
8.041400000000000790e-09 2.821100000000000000e+08
1.027640000000000062e-08 2.796690000000000000e+08
1.313260000000000074e-08 2.766280000000000000e+08
1.678260000000000034e-08 2.728880000000000000e+08
2.144700000000000007e-08 2.683380000000000000e+08
2.740790000000000086e-08 2.628670000000000000e+08
3.502549999999999821e-08 2.563650000000000000e+08
4.476030000000000145e-08 2.487390000000000000e+08
5.720079999999999959e-08 2.399240000000000000e+08
7.309890000000000614e-08 2.299010000000000000e+08
9.341570000000000447e-08 2.187060000000000000e+08
1.193789999999999998e-07 2.064440000000000000e+08
1.525590000000000097e-07 1.932840000000000000e+08
1.949599999999999935e-07 1.794590000000000000e+08
2.491470000000000008e-07 1.652410000000000000e+08
3.183930000000000109e-07 1.509240000000000000e+08
4.068860000000000080e-07 1.367950000000000000e+08
5.199740000000000211e-07 1.231140000000000000e+08
6.644920000000000450e-07 1.100960000000000000e+08
8.491779999999999824e-07 9.789930000000000000e+07
1.085189999999999939e-06 8.662790000000000000e+07
1.386810000000000068e-06 7.633370000000000000e+07
1.772250000000000057e-06 6.702500000000000000e+07
2.264820000000000027e-06 5.867670000000000000e+07
2.894299999999999970e-06 5.123980000000000000e+07
3.698719999999999969e-06 4.465080000000000000e+07
4.726730000000000398e-06 3.883840000000000000e+07
6.040449999999999909e-06 3.372880000000000000e+07
7.719300000000000784e-06 2.924940000000000000e+07
9.864770000000000420e-06 2.533150000000000000e+07
1.260650000000000034e-05 2.191100000000000000e+07
1.611030000000000057e-05 1.892950000000000000e+07
2.058800000000000007e-05 1.633450000000000000e+07
2.631010000000000073e-05 1.407890000000000000e+07
3.362259999999999891e-05 1.212070000000000000e+07
4.296739999999999793e-05 1.042290000000000000e+07
5.490960000000000025e-05 8.952720000000000000e+06
7.017089999999999591e-05 7.681150000000000000e+06
8.967390000000000213e-05 6.582760000000000000e+06
1.145970000000000007e-04 5.635160000000000000e+06
1.464480000000000046e-04 4.818670000000000000e+06
1.871510000000000111e-04 4.116030000000000000e+06
2.391670000000000091e-04 3.512100000000000000e+06
3.056399999999999807e-04 2.993660000000000000e+06
3.905879999999999812e-04 2.549130000000000000e+06
4.991460000000000081e-04 2.168430000000000000e+06
6.378760000000000029e-04 1.842760000000000000e+06
8.151639999999999494e-04 1.564480000000000000e+06
1.041730000000000043e-03 1.326940000000000000e+06
1.331259999999999909e-03 1.124400000000000000e+06
1.701260000000000012e-03 9.518750000000000000e+05
2.174099999999999991e-03 8.050560000000000000e+05
2.778360000000000118e-03 6.802320000000000000e+05
3.550569999999999855e-03 5.742030000000000000e+05
4.537389999999999653e-03 4.842170000000000000e+05
5.798499999999999835e-03 4.079080000000000000e+05
7.410100000000000194e-03 3.432480000000000000e+05
9.469629999999999714e-03 2.884980000000000000e+05
1.210160000000000055e-02 2.421700000000000000e+05
1.546499999999999958e-02 2.029930000000000000e+05
1.976330000000000101e-02 1.698800000000000000e+05
2.525619999999999948e-02 1.419070000000000000e+05
3.227580000000000032e-02 1.182840000000000000e+05
4.124640000000000251e-02 9.834169999999999709e+04
5.271019999999999872e-02 8.151000000000000000e+04
6.736019999999999508e-02 6.730619999999999709e+04
8.608190000000000286e-02 5.532169999999999709e+04
1.100069999999999937e-01 4.521169999999999709e+04
1.405820000000000125e-01 3.668659999999999854e+04
1.796550000000000091e-01 2.950409999999999854e+04
2.295870000000000133e-01 2.346370000000000073e+04
2.933970000000000189e-01 1.840179999999999927e+04
3.749430000000000263e-01 1.418800000000000000e+04
4.791520000000000223e-01 1.072329999999999927e+04
6.123260000000000369e-01 7.938380000000000109e+03
7.825119999999999854e-01 5.795050000000000182e+03
1.000000000000000000e+00 4.230401699853722675e+03
