1.787350000000000090e-05 3.992470000000000141e+01
1.993829999999999848e-05 6.105669999999999931e+01
2.224160000000000064e-05 8.444849999999999568e+01
2.481100000000000013e-05 1.087669999999999959e+02
2.767719999999999989e-05 1.328940000000000055e+02
3.087449999999999722e-05 1.560360000000000014e+02
3.444119999999999815e-05 1.777170000000000130e+02
3.841990000000000124e-05 1.977189999999999941e+02
4.285820000000000244e-05 2.159890000000000043e+02
4.780920000000000298e-05 2.325709999999999980e+02
5.333219999999999736e-05 2.475579999999999927e+02
5.949320000000000156e-05 2.610609999999999786e+02
6.636599999999999444e-05 2.731940000000000168e+02
7.403269999999999339e-05 2.840679999999999836e+02
8.258499999999999619e-05 2.937830000000000155e+02
9.212540000000000399e-05 3.024470000000000027e+02
1.027680000000000027e-04 3.101539999999999964e+02
1.146400000000000001e-04 3.169739999999999895e+02
1.278829999999999952e-04 3.229950000000000045e+02
1.426560000000000111e-04 3.282909999999999968e+02
1.591359999999999888e-04 3.329340000000000259e+02
1.775199999999999944e-04 3.369909999999999854e+02
1.980270000000000066e-04 3.405280000000000200e+02
2.209029999999999956e-04 3.436039999999999850e+02
2.464219999999999930e-04 3.462740000000000009e+02
2.748890000000000036e-04 3.485799999999999841e+02
3.066449999999999753e-04 3.505550000000000068e+02
3.420690000000000210e-04 3.522339999999999804e+02
3.815849999999999863e-04 3.536549999999999727e+02
4.256670000000000158e-04 3.548559999999999945e+02
4.748399999999999735e-04 3.558709999999999809e+02
5.296940000000000415e-04 3.567309999999999945e+02
5.908849999999999780e-04 3.574580000000000268e+02
6.591449999999999783e-04 3.580710000000000264e+02
7.352910000000000045e-04 3.585830000000000268e+02
8.202329999999999647e-04 3.590020000000000095e+02
9.149870000000000269e-04 3.593360000000000127e+02
1.020690000000000095e-03 3.595899999999999750e+02
1.138600000000000029e-03 3.597669999999999959e+02
1.270129999999999957e-03 3.598679999999999950e+02
1.416860000000000038e-03 3.598960000000000150e+02
1.580540000000000070e-03 3.598509999999999991e+02
1.763119999999999965e-03 3.597339999999999804e+02
1.966799999999999885e-03 3.595419999999999732e+02
2.194010000000000144e-03 3.592760000000000105e+02
2.447459999999999827e-03 3.589320000000000164e+02
2.730199999999999901e-03 3.585079999999999814e+02
3.045589999999999929e-03 3.580009999999999764e+02
3.397419999999999954e-03 3.574060000000000059e+02
3.789900000000000126e-03 3.567180000000000177e+02
4.227709999999999975e-03 3.559320000000000164e+02
4.716099999999999980e-03 3.550400000000000205e+02
5.260909999999999719e-03 3.540369999999999777e+02
5.868660000000000369e-03 3.529130000000000109e+02
6.546620000000000390e-03 3.516610000000000014e+02
7.302890000000000249e-03 3.502690000000000055e+02
8.146530000000000785e-03 3.487280000000000086e+02
9.087629999999999320e-03 3.470269999999999868e+02
1.013739999999999954e-02 3.451530000000000200e+02
1.130850000000000084e-02 3.430930000000000177e+02
1.261490000000000007e-02 3.408349999999999795e+02
1.407219999999999999e-02 3.383629999999999995e+02
1.569780000000000134e-02 3.356650000000000205e+02
1.751130000000000048e-02 3.327239999999999895e+02
1.953420000000000156e-02 3.295269999999999868e+02
2.179079999999999906e-02 3.260570000000000164e+02
2.430809999999999915e-02 3.223009999999999877e+02
2.711620000000000003e-02 3.182440000000000282e+02
3.024879999999999930e-02 3.138729999999999905e+02
3.374309999999999810e-02 3.091759999999999877e+02
3.764119999999999966e-02 3.041429999999999723e+02
4.198949999999999905e-02 2.987629999999999768e+02
4.684019999999999850e-02 2.930319999999999823e+02
5.225130000000000052e-02 2.869440000000000168e+02
5.828740000000000310e-02 2.804979999999999905e+02
6.502090000000000647e-02 2.736970000000000027e+02
7.253220000000000500e-02 2.665450000000000159e+02
8.091120000000000256e-02 2.590520000000000209e+02
9.025809999999999389e-02 2.512299999999999898e+02
1.006849999999999967e-01 2.430939999999999941e+02
1.123159999999999992e-01 2.346649999999999920e+02
1.252910000000000135e-01 2.259660000000000082e+02
1.397650000000000003e-01 2.170240000000000009e+02
1.559109999999999940e-01 2.078669999999999902e+02
1.739219999999999933e-01 1.985289999999999964e+02
1.940129999999999910e-01 1.890449999999999875e+02
2.164260000000000073e-01 1.794509999999999934e+02
2.414280000000000037e-01 1.697880000000000109e+02
2.693180000000000018e-01 1.600970000000000084e+02
3.004299999999999748e-01 1.504219999999999970e+02
3.351359999999999895e-01 1.408069999999999879e+02
3.738509999999999889e-01 1.313009999999999877e+02
4.170389999999999930e-01 1.219549999999999983e+02
4.652160000000000184e-01 1.128229999999999933e+02
5.189589999999999481e-01 1.039650000000000034e+02
5.789090000000000069e-01 9.544360000000000355e+01
6.457859999999999712e-01 8.733129999999999882e+01
7.203880000000000283e-01 7.970770000000000266e+01
8.036079999999999890e-01 7.266360000000000241e+01
8.964419999999999611e-01 6.630270000000000152e+01
1.000000000000000000e+00 6.049864328547101877e+01
