2.234190000000000102e-04 3.193929999999999936e+00
2.430130000000000126e-04 4.473270000000000302e+00
2.643249999999999875e-04 5.875600000000000378e+00
2.875059999999999812e-04 7.349490000000000300e+00
3.127200000000000010e-04 8.848919999999999675e+00
3.401459999999999922e-04 1.033500000000000085e+01
3.699759999999999963e-04 1.177860000000000085e+01
4.024230000000000060e-04 1.315959999999999930e+01
4.377149999999999791e-04 1.446610000000000085e+01
4.761020000000000031e-04 1.569229999999999947e+01
5.178560000000000238e-04 1.683660000000000068e+01
5.632709999999999540e-04 1.790020000000000167e+01
6.126699999999999464e-04 1.888579999999999970e+01
6.664000000000000435e-04 1.979720000000000013e+01
7.248429999999999717e-04 2.063840000000000074e+01
7.884110000000000380e-04 2.141349999999999909e+01
8.575539999999999552e-04 2.212659999999999982e+01
9.327610000000000502e-04 2.278160000000000096e+01
1.014560000000000071e-03 2.338220000000000098e+01
1.103540000000000076e-03 2.393189999999999884e+01
1.200319999999999946e-03 2.443449999999999989e+01
1.305589999999999919e-03 2.489320000000000022e+01
1.420079999999999997e-03 2.531040000000000134e+01
1.544620000000000021e-03 2.568929999999999936e+01
1.680089999999999969e-03 2.603280000000000172e+01
1.827429999999999896e-03 2.634339999999999904e+01
1.987689999999999856e-03 2.662369999999999948e+01
2.162009999999999800e-03 2.687610000000000099e+01
2.351620000000000012e-03 2.710320000000000107e+01
2.557849999999999967e-03 2.730699999999999861e+01
2.782179999999999983e-03 2.748969999999999914e+01
3.026169999999999902e-03 2.765309999999999846e+01
3.291559999999999798e-03 2.779879999999999995e+01
3.580229999999999784e-03 2.792780000000000129e+01
3.894209999999999946e-03 2.804159999999999897e+01
4.235730000000000051e-03 2.814150000000000063e+01
4.607199999999999664e-03 2.822879999999999967e+01
5.011250000000000079e-03 2.830489999999999995e+01
5.450729999999999985e-03 2.837130000000000152e+01
5.928759999999999933e-03 2.842889999999999873e+01
6.448699999999999918e-03 2.847899999999999920e+01
7.014249999999999652e-03 2.852209999999999823e+01
7.629389999999999783e-03 2.855910000000000082e+01
8.298490000000000380e-03 2.859039999999999893e+01
9.026259999999999492e-03 2.861649999999999849e+01
9.817849999999999494e-03 2.863749999999999929e+01
1.067889999999999985e-02 2.865380000000000038e+01
1.161539999999999968e-02 2.866550000000000153e+01
1.263410000000000054e-02 2.867259999999999920e+01
1.374210000000000015e-02 2.867530000000000001e+01
1.494720000000000076e-02 2.867350000000000065e+01
1.625810000000000102e-02 2.866730000000000089e+01
1.768389999999999893e-02 2.865650000000000119e+01
1.923479999999999981e-02 2.864120000000000132e+01
2.092159999999999853e-02 2.862120000000000175e+01
2.275639999999999954e-02 2.859639999999999915e+01
2.475219999999999851e-02 2.856660000000000110e+01
2.692289999999999961e-02 2.853170000000000073e+01
2.928400000000000100e-02 2.849139999999999873e+01
3.185219999999999718e-02 2.844559999999999889e+01
3.464559999999999862e-02 2.839379999999999882e+01
3.768400000000000222e-02 2.833589999999999876e+01
4.098890000000000172e-02 2.827149999999999963e+01
4.458360000000000101e-02 2.820019999999999882e+01
4.849350000000000188e-02 2.812150000000000105e+01
5.274630000000000291e-02 2.803509999999999991e+01
5.737210000000000226e-02 2.794050000000000011e+01
6.240359999999999657e-02 2.783709999999999951e+01
6.787640000000000340e-02 2.772439999999999927e+01
7.382909999999999473e-02 2.760170000000000101e+01
8.030379999999999463e-02 2.746849999999999881e+01
8.734640000000000459e-02 2.732410000000000139e+01
9.500659999999999661e-02 2.716769999999999996e+01
1.033390000000000003e-01 2.699859999999999971e+01
1.124010000000000009e-01 2.681609999999999872e+01
1.222590000000000066e-01 2.661929999999999907e+01
1.329809999999999881e-01 2.640739999999999910e+01
1.446429999999999938e-01 2.617950000000000088e+01
1.573279999999999956e-01 2.593479999999999919e+01
1.711260000000000003e-01 2.567239999999999966e+01
1.861329999999999929e-01 2.539140000000000086e+01
2.024569999999999981e-01 2.509110000000000085e+01
2.202119999999999911e-01 2.477070000000000149e+01
2.395249999999999879e-01 2.442940000000000111e+01
2.605310000000000126e-01 2.406650000000000134e+01
2.833789999999999920e-01 2.368169999999999931e+01
3.082309999999999772e-01 2.327449999999999974e+01
3.352629999999999777e-01 2.284469999999999956e+01
3.646650000000000169e-01 2.239249999999999829e+01
3.966459999999999986e-01 2.191819999999999879e+01
4.314319999999999822e-01 2.142259999999999920e+01
4.692680000000000184e-01 2.090670000000000073e+01
5.104220000000000423e-01 2.037239999999999895e+01
5.551859999999999573e-01 1.982189999999999941e+01
6.038750000000000506e-01 1.925819999999999865e+01
6.568349999999999467e-01 1.868540000000000134e+01
7.144380000000000175e-01 1.810829999999999984e+01
7.770939999999999515e-01 1.753310000000000102e+01
8.452450000000000241e-01 1.696719999999999828e+01
9.193719999999999670e-01 1.641969999999999885e+01
1.000000000000000000e+00 1.588986588573427206e+01
