4.468390000000000090e-05 1.596850000000000058e+01
4.939120000000000240e-05 2.366839999999999833e+01
5.459440000000000028e-05 3.216799999999999926e+01
6.034570000000000060e-05 4.104690000000000083e+01
6.670289999999999455e-05 4.994420000000000215e+01
7.372980000000000007e-05 5.858400000000000318e+01
8.149699999999999577e-05 6.678690000000000282e+01
9.008250000000000361e-05 7.445380000000000109e+01
9.957229999999999532e-05 8.154460000000000264e+01
1.100620000000000043e-04 8.805710000000000548e+01
1.216570000000000043e-04 9.401019999999999754e+01
1.344729999999999981e-04 9.943389999999999418e+01
1.486389999999999977e-04 1.043619999999999948e+02
1.642980000000000048e-04 1.088299999999999983e+02
1.816060000000000092e-04 1.128719999999999999e+02
2.007370000000000129e-04 1.165190000000000055e+02
2.218839999999999918e-04 1.198010000000000019e+02
2.452590000000000043e-04 1.227519999999999953e+02
2.710960000000000214e-04 1.253930000000000007e+02
2.996550000000000168e-04 1.277510000000000048e+02
3.312230000000000100e-04 1.298499999999999943e+02
3.661159999999999892e-04 1.317119999999999891e+02
4.046850000000000057e-04 1.333600000000000136e+02
4.473179999999999886e-04 1.348139999999999930e+02
4.944409999999999777e-04 1.360929999999999893e+02
5.465290000000000252e-04 1.372170000000000130e+02
6.041039999999999474e-04 1.382009999999999934e+02
6.677439999999999548e-04 1.390579999999999927e+02
7.380890000000000411e-04 1.397990000000000066e+02
8.158440000000000310e-04 1.404350000000000023e+02
9.017899999999999701e-04 1.409780000000000086e+02
9.967909999999999097e-04 1.414389999999999930e+02
1.101800000000000002e-03 1.418290000000000077e+02
1.217870000000000020e-03 1.421589999999999918e+02
1.346170000000000049e-03 1.424360000000000070e+02
1.487980000000000075e-03 1.426670000000000016e+02
1.644740000000000004e-03 1.428569999999999993e+02
1.817999999999999955e-03 1.430089999999999861e+02
2.009529999999999823e-03 1.431260000000000048e+02
2.221219999999999879e-03 1.432100000000000080e+02
2.455220000000000145e-03 1.432609999999999957e+02
2.713870000000000171e-03 1.432820000000000107e+02
2.999770000000000127e-03 1.432700000000000102e+02
3.315779999999999943e-03 1.432280000000000086e+02
3.665090000000000188e-03 1.431550000000000011e+02
4.051189999999999652e-03 1.430500000000000114e+02
4.477970000000000388e-03 1.429110000000000014e+02
4.949710000000000394e-03 1.427400000000000091e+02
5.471150000000000145e-03 1.425329999999999870e+02
6.047509999999999865e-03 1.422899999999999920e+02
6.684599999999999743e-03 1.420080000000000098e+02
7.388800000000000055e-03 1.416860000000000070e+02
8.167179999999999579e-03 1.413199999999999932e+02
9.027570000000000386e-03 1.409089999999999918e+02
9.978590000000000723e-03 1.404490000000000123e+02
1.102979999999999933e-02 1.399370000000000118e+02
1.219179999999999917e-02 1.393689999999999998e+02
1.347609999999999954e-02 1.387410000000000139e+02
1.489580000000000071e-02 1.380490000000000066e+02
1.646500000000000047e-02 1.372880000000000109e+02
1.819950000000000040e-02 1.364519999999999982e+02
2.011680000000000065e-02 1.355370000000000061e+02
2.223599999999999882e-02 1.345360000000000014e+02
2.457849999999999965e-02 1.334449999999999932e+02
2.716779999999999889e-02 1.322549999999999955e+02
3.002979999999999886e-02 1.309610000000000127e+02
3.319339999999999791e-02 1.295550000000000068e+02
3.669019999999999920e-02 1.280320000000000107e+02
4.055539999999999839e-02 1.263820000000000050e+02
4.482769999999999810e-02 1.246009999999999991e+02
4.955020000000000258e-02 1.226800000000000068e+02
5.477010000000000212e-02 1.206129999999999995e+02
6.053999999999999659e-02 1.183930000000000007e+02
6.691769999999999663e-02 1.160150000000000006e+02
7.396719999999999684e-02 1.134719999999999942e+02
8.175939999999999597e-02 1.107620000000000005e+02
9.037249999999999450e-02 1.078790000000000049e+02
9.989290000000000669e-02 1.048229999999999933e+02
1.104160000000000003e-01 1.015930000000000035e+02
1.220480000000000037e-01 9.818989999999999441e+01
1.349059999999999981e-01 9.461690000000000111e+01
1.491180000000000005e-01 9.087959999999999638e+01
1.648270000000000013e-01 8.698600000000000421e+01
1.821899999999999908e-01 8.294660000000000366e+01
2.013840000000000074e-01 7.877519999999999811e+01
2.225989999999999913e-01 7.448820000000000618e+01
2.460489999999999899e-01 7.010590000000000543e+01
2.719690000000000163e-01 6.565149999999999864e+01
3.006199999999999983e-01 6.115220000000000056e+01
3.322890000000000010e-01 5.663870000000000005e+01
3.672949999999999826e-01 5.214569999999999794e+01
4.059880000000000155e-01 4.771209999999999951e+01
4.487579999999999902e-01 4.338060000000000116e+01
4.960330000000000017e-01 3.919870000000000232e+01
5.482879999999999976e-01 3.521849999999999881e+01
6.060489999999999489e-01 3.149680000000000035e+01
6.698939999999999895e-01 2.809629999999999939e+01
7.404650000000000398e-01 2.508520000000000039e+01
8.184700000000000308e-01 2.253869999999999862e+01
9.046939999999999982e-01 2.053930000000000078e+01
1.000000000000000000e+00 1.871729222236021428e+01
