9.929749999999999961e-09 7.186450000000000000e+04
1.193900000000000023e-08 1.384810000000000000e+05
1.435489999999999972e-08 2.120320000000000000e+05
1.725959999999999859e-08 2.831520000000000000e+05
2.075199999999999948e-08 3.469080000000000000e+05
2.495120000000000044e-08 4.019100000000000000e+05
3.000010000000000273e-08 4.484950000000000000e+05
3.607049999999999864e-08 4.875590000000000000e+05
4.336939999999999791e-08 5.200730000000000000e+05
5.214510000000000018e-08 5.469090000000000000e+05
6.269670000000000581e-08 5.689060000000000000e+05
7.538329999999999713e-08 5.867410000000000000e+05
9.063700000000000620e-08 6.010660000000000000e+05
1.089769999999999970e-07 6.124720000000000000e+05
1.310290000000000015e-07 6.214940000000000000e+05
1.575419999999999955e-07 6.285640000000000000e+05
1.894210000000000125e-07 6.339940000000000000e+05
2.277500000000000111e-07 6.381030000000000000e+05
2.738349999999999900e-07 6.412080000000000000e+05
3.292460000000000089e-07 6.435600000000000000e+05
3.958680000000000082e-07 6.453300000000000000e+05
4.759719999999999954e-07 6.466200000000000000e+05
5.722839999999999912e-07 6.474880000000000000e+05
6.880859999999999584e-07 6.479690000000000000e+05
8.273189999999999982e-07 6.480820000000000000e+05
9.947270000000000901e-07 6.478320000000000000e+05
1.196009999999999921e-06 6.472180000000000000e+05
1.438019999999999955e-06 6.462280000000000000e+05
1.729000000000000090e-06 6.448390000000000000e+05
2.078859999999999863e-06 6.430210000000000000e+05
2.499520000000000084e-06 6.407320000000000000e+05
3.005299999999999839e-06 6.379220000000000000e+05
3.613420000000000125e-06 6.345270000000000000e+05
4.344590000000000021e-06 6.304770000000000000e+05
5.223710000000000339e-06 6.256900000000000000e+05
6.280730000000000258e-06 6.200720000000000000e+05
7.551630000000000236e-06 6.135260000000000000e+05
9.079689999999999799e-06 6.059450000000000000e+05
1.091700000000000068e-05 5.972210000000000000e+05
1.312599999999999935e-05 5.872480000000000000e+05
1.578199999999999899e-05 5.759250000000000000e+05
1.897550000000000153e-05 5.631670000000000000e+05
2.281520000000000138e-05 5.489090000000000000e+05
2.743180000000000051e-05 5.331170000000000000e+05
3.298259999999999826e-05 5.157920000000000000e+05
3.965670000000000268e-05 4.969820000000000000e+05
4.768109999999999992e-05 4.767810000000000000e+05
5.732940000000000036e-05 4.553320000000000000e+05
6.892989999999999881e-05 4.328260000000000000e+05
8.287789999999999469e-05 4.094930000000000000e+05
9.964809999999999889e-05 3.855950000000000000e+05
1.198119999999999974e-04 3.614080000000000000e+05
1.440559999999999909e-04 3.372160000000000000e+05
1.732050000000000061e-04 3.132890000000000000e+05
2.082530000000000134e-04 2.898800000000000000e+05
2.503930000000000131e-04 2.672050000000000000e+05
3.010600000000000212e-04 2.454480000000000000e+05
3.619790000000000117e-04 2.247500000000000000e+05
4.352250000000000216e-04 2.052110000000000000e+05
5.232929999999999787e-04 1.868960000000000000e+05
6.291810000000000328e-04 1.698320000000000000e+05
7.564950000000000407e-04 1.540200000000000000e+05
9.095709999999999689e-04 1.394370000000000000e+05
1.093620000000000009e-03 1.260390000000000000e+05
1.314920000000000021e-03 1.137740000000000000e+05
1.580989999999999999e-03 1.025770000000000000e+05
1.900900000000000072e-03 9.238100000000000000e+04
2.285539999999999967e-03 8.311480000000000291e+04
2.748019999999999890e-03 7.470830000000000291e+04
3.304080000000000038e-03 6.709250000000000000e+04
3.972660000000000254e-03 6.020140000000000146e+04
4.776530000000000185e-03 5.397259999999999854e+04
5.743050000000000412e-03 4.834719999999999709e+04
6.905149999999999656e-03 4.327100000000000000e+04
8.302409999999999651e-03 3.869330000000000291e+04
9.982390000000000707e-03 3.456790000000000146e+04
1.200230000000000047e-02 3.085220000000000073e+04
1.443099999999999938e-02 2.750729999999999927e+04
1.735110000000000124e-02 2.449770000000000073e+04
2.086210000000000148e-02 2.179100000000000000e+04
2.508350000000000163e-02 1.935770000000000073e+04
3.015910000000000118e-02 1.717109999999999854e+04
3.626179999999999681e-02 1.520689999999999964e+04
4.359930000000000055e-02 1.344300000000000000e+04
5.242159999999999875e-02 1.185929999999999927e+04
6.302900000000000169e-02 1.043770000000000073e+04
7.578290000000000026e-02 9.162030000000000655e+03
9.111750000000000405e-02 8.017390000000000327e+03
1.095549999999999996e-01 6.990590000000000146e+03
1.317230000000000067e-01 6.069779999999999745e+03
1.583779999999999910e-01 5.244430000000000291e+03
1.904250000000000109e-01 4.505260000000000218e+03
2.289579999999999949e-01 3.844170000000000073e+03
2.752870000000000039e-01 3.254230000000000018e+03
3.309909999999999797e-01 2.729679999999999836e+03
3.979670000000000152e-01 2.265929999999999836e+03
4.784950000000000037e-01 1.859630000000000109e+03
5.753179999999999961e-01 1.508769999999999982e+03
6.917330000000000423e-01 1.212779999999999973e+03
8.317050000000000276e-01 9.727970000000000255e+02
1.000000000000000000e+00 7.803017382343671215e+02
