8.936769999999999480e-05 7.984939999999999927e+00
9.809999999999999927e-05 1.155310000000000059e+01
1.076849999999999964e-04 1.548129999999999917e+01
1.182080000000000039e-04 1.959789999999999921e+01
1.297580000000000001e-04 2.375159999999999982e+01
1.424370000000000052e-04 2.782260000000000133e+01
1.563539999999999873e-04 3.172650000000000148e+01
1.716320000000000129e-04 3.541199999999999903e+01
1.884020000000000031e-04 3.885340000000000060e+01
2.068109999999999957e-04 4.204310000000000258e+01
2.270189999999999892e-04 4.498440000000000083e+01
2.492020000000000172e-04 4.768690000000000140e+01
2.735510000000000242e-04 5.016349999999999909e+01
3.002810000000000071e-04 5.242810000000000059e+01
3.296209999999999939e-04 5.449490000000000123e+01
3.618289999999999809e-04 5.637760000000000105e+01
3.971840000000000244e-04 5.808950000000000102e+01
4.359939999999999866e-04 5.964119999999999777e+01
4.785950000000000078e-04 6.104749999999999943e+01
5.253589999999999822e-04 6.231850000000000023e+01
5.766929999999999756e-04 6.346260000000000190e+01
6.330420000000000014e-04 6.449110000000000298e+01
6.948980000000000001e-04 6.541289999999999338e+01
7.627969999999999542e-04 6.623720000000000141e+01
8.373309999999999694e-04 6.697230000000000416e+01
9.191479999999999486e-04 6.762680000000000291e+01
1.008959999999999935e-03 6.820820000000000505e+01
1.107549999999999897e-03 6.872400000000000375e+01
1.215769999999999915e-03 6.918059999999999832e+01
1.334560000000000043e-03 6.958320000000000505e+01
1.464959999999999960e-03 6.993600000000000705e+01
1.608110000000000052e-03 7.024330000000000496e+01
1.765239999999999952e-03 7.050969999999999516e+01
1.937719999999999981e-03 7.074020000000000152e+01
2.127060000000000062e-03 7.093919999999999959e+01
2.334899999999999996e-03 7.111119999999999663e+01
2.563039999999999936e-03 7.125960000000000605e+01
2.813480000000000147e-03 7.138760000000000616e+01
3.088389999999999885e-03 7.149739999999999895e+01
3.390160000000000135e-03 7.159099999999999397e+01
3.721420000000000023e-03 7.166960000000000264e+01
4.085039999999999852e-03 7.173430000000000462e+01
4.484199999999999818e-03 7.178589999999999804e+01
4.922359999999999756e-03 7.182479999999999620e+01
5.403329999999999592e-03 7.185150000000000148e+01
5.931289999999999653e-03 7.186629999999999541e+01
6.510850000000000318e-03 7.186920000000000641e+01
7.147030000000000396e-03 7.186029999999999518e+01
7.845380000000000756e-03 7.183950000000000102e+01
8.611960000000000101e-03 7.180679999999999552e+01
9.453450000000000394e-03 7.176189999999999714e+01
1.037719999999999962e-02 7.170449999999999591e+01
1.139109999999999949e-02 7.163429999999999609e+01
1.250420000000000004e-02 7.155060000000000286e+01
1.372600000000000035e-02 7.145310000000000628e+01
1.506719999999999934e-02 7.134099999999999397e+01
1.653939999999999924e-02 7.121349999999999625e+01
1.815550000000000150e-02 7.106980000000000075e+01
1.992949999999999930e-02 7.090900000000000603e+01
2.187679999999999833e-02 7.072990000000000066e+01
2.401440000000000172e-02 7.053149999999999409e+01
2.636089999999999961e-02 7.031229999999999336e+01
2.893669999999999923e-02 7.007110000000000127e+01
3.176410000000000344e-02 6.980620000000000402e+01
3.486779999999999741e-02 6.951609999999999445e+01
3.827479999999999771e-02 6.919899999999999807e+01
4.201470000000000204e-02 6.885299999999999443e+01
4.612000000000000127e-02 6.847610000000000241e+01
5.062649999999999789e-02 6.806619999999999493e+01
5.557329999999999909e-02 6.762109999999999843e+01
6.100339999999999929e-02 6.713840000000000430e+01
6.696420000000000150e-02 6.661579999999999302e+01
7.350729999999999764e-02 6.605060000000000286e+01
8.068980000000000596e-02 6.544039999999999679e+01
8.857420000000000571e-02 6.478239999999999554e+01
9.722889999999999311e-02 6.407410000000000139e+01
1.067290000000000044e-01 6.331280000000000285e+01
1.171579999999999983e-01 6.249589999999999890e+01
1.286059999999999981e-01 6.162069999999999936e+01
1.411719999999999919e-01 6.068509999999999849e+01
1.549659999999999926e-01 5.968659999999999854e+01
1.701080000000000092e-01 5.862330000000000041e+01
1.867290000000000061e-01 5.749369999999999692e+01
2.049749999999999905e-01 5.629630000000000223e+01
2.250030000000000086e-01 5.503040000000000020e+01
2.469889999999999863e-01 5.369590000000000174e+01
2.711219999999999741e-01 5.229319999999999879e+01
2.976139999999999897e-01 5.082370000000000232e+01
3.266939999999999844e-01 4.928949999999999676e+01
3.586159999999999903e-01 4.769420000000000215e+01
3.936569999999999792e-01 4.604229999999999734e+01
4.321220000000000061e-01 4.433990000000000009e+01
4.743450000000000166e-01 4.259490000000000265e+01
5.206939999999999902e-01 4.081700000000000017e+01
5.715719999999999690e-01 3.901789999999999736e+01
6.274210000000000065e-01 3.721209999999999951e+01
6.887269999999999781e-01 3.541669999999999874e+01
7.560240000000000293e-01 3.365209999999999724e+01
8.298959999999999670e-01 3.194229999999999947e+01
9.109859999999999625e-01 3.031559999999999988e+01
1.000000000000000000e+00 2.877173178118821184e+01
