8.936770000000000157e-07 7.984940000000000282e+02
1.027230000000000074e-06 1.346079999999999927e+03
1.180750000000000088e-06 1.954789999999999964e+03
1.357199999999999898e-06 2.573059999999999945e+03
1.560030000000000080e-06 3.163639999999999873e+03
1.793170000000000062e-06 3.706260000000000218e+03
2.061150000000000163e-06 4.193510000000000218e+03
2.369179999999999990e-06 4.625369999999999891e+03
2.723239999999999866e-06 5.005220000000000255e+03
3.130219999999999822e-06 5.337619999999999891e+03
3.598009999999999963e-06 5.627250000000000000e+03
4.135719999999999766e-06 5.878439999999999600e+03
4.753780000000000418e-06 6.095479999999999563e+03
5.464209999999999985e-06 6.282109999999999673e+03
6.280809999999999925e-06 6.441539999999999964e+03
7.219440000000000118e-06 6.577029999999999745e+03
8.298349999999999924e-06 6.691569999999999709e+03
9.538500000000000239e-06 6.787920000000000073e+03
1.096400000000000040e-05 6.868670000000000073e+03
1.260250000000000004e-05 6.936109999999999673e+03
1.448589999999999966e-05 6.991920000000000073e+03
1.665069999999999967e-05 7.037529999999999745e+03
1.913910000000000112e-05 7.074489999999999782e+03
2.199930000000000128e-05 7.104369999999999891e+03
2.528700000000000031e-05 7.128579999999999927e+03
2.906599999999999920e-05 7.148210000000000036e+03
3.340979999999999986e-05 7.164060000000000400e+03
3.840269999999999741e-05 7.176699999999999818e+03
4.414179999999999807e-05 7.186460000000000036e+03
5.073860000000000241e-05 7.193600000000000364e+03
5.832119999999999991e-05 7.198260000000000218e+03
6.703700000000000208e-05 7.200560000000000400e+03
7.705540000000000089e-05 7.200539999999999964e+03
8.857089999999999592e-05 7.198220000000000255e+03
1.018069999999999961e-04 7.193590000000000146e+03
1.170220000000000055e-04 7.186600000000000364e+03
1.345100000000000115e-04 7.177159999999999854e+03
1.546119999999999895e-04 7.165149999999999636e+03
1.777179999999999949e-04 7.150420000000000073e+03
2.042769999999999959e-04 7.132770000000000437e+03
2.348060000000000013e-04 7.111989999999999782e+03
2.698959999999999923e-04 7.087789999999999964e+03
3.102310000000000050e-04 7.059880000000000109e+03
3.565929999999999924e-04 7.027920000000000073e+03
4.098840000000000079e-04 6.991529999999999745e+03
4.711389999999999762e-04 6.950300000000000182e+03
5.415490000000000017e-04 6.903770000000000437e+03
6.224810000000000326e-04 6.851470000000000255e+03
7.155069999999999920e-04 6.792899999999999636e+03
8.224359999999999570e-04 6.727539999999999964e+03
9.453449999999999961e-04 6.654850000000000364e+03
1.086619999999999947e-03 6.574329999999999927e+03
1.249010000000000051e-03 6.485470000000000255e+03
1.435670000000000002e-03 6.387800000000000182e+03
1.650219999999999985e-03 6.280930000000000291e+03
1.896839999999999898e-03 6.164520000000000437e+03
2.180319999999999914e-03 6.038350000000000364e+03
2.506149999999999958e-03 5.902310000000000400e+03
2.880689999999999987e-03 5.756449999999999818e+03
3.311189999999999880e-03 5.600970000000000255e+03
3.806030000000000177e-03 5.436239999999999782e+03
4.374819999999999751e-03 5.262819999999999709e+03
5.028620000000000138e-03 5.081430000000000291e+03
5.780119999999999703e-03 4.892970000000000255e+03
6.643930000000000148e-03 4.698489999999999782e+03
7.636829999999999834e-03 4.499170000000000073e+03
8.778120000000000367e-03 4.296260000000000218e+03
1.009000000000000001e-02 4.091099999999999909e+03
1.159789999999999953e-02 3.885030000000000200e+03
1.333110000000000024e-02 3.679380000000000109e+03
1.532339999999999917e-02 3.475409999999999854e+03
1.761340000000000128e-02 3.274309999999999945e+03
2.024559999999999901e-02 3.077159999999999854e+03
2.327119999999999883e-02 2.884920000000000073e+03
2.674899999999999847e-02 2.698369999999999891e+03
3.074649999999999953e-02 2.518199999999999818e+03
3.534140000000000198e-02 2.344900000000000091e+03
4.062299999999999939e-02 2.178849999999999909e+03
4.669390000000000346e-02 2.020299999999999955e+03
5.367199999999999749e-02 1.869380000000000109e+03
6.169299999999999784e-02 1.726099999999999909e+03
7.091279999999999806e-02 1.590390000000000100e+03
8.151029999999999387e-02 1.462130000000000109e+03
9.369159999999999988e-02 1.341109999999999900e+03
1.076929999999999971e-01 1.227109999999999900e+03
1.237879999999999953e-01 1.119849999999999909e+03
1.422869999999999968e-01 1.019070000000000050e+03
1.635510000000000019e-01 9.244629999999999654e+02
1.879929999999999934e-01 8.357670000000000528e+02
2.160880000000000023e-01 7.527140000000000555e+02
2.483809999999999907e-01 6.750620000000000118e+02
2.854999999999999760e-01 6.026000000000000227e+02
3.281669999999999865e-01 5.351570000000000391e+02
3.772099999999999898e-01 4.726089999999999804e+02
4.335820000000000229e-01 4.148870000000000005e+02
4.983779999999999877e-01 3.619920000000000186e+02
5.728579999999999783e-01 3.139970000000000141e+02
6.584689999999999710e-01 2.710720000000000027e+02
7.568740000000000467e-01 2.334879999999999995e+02
8.699850000000000083e-01 2.016469999999999914e+02
1.000000000000000000e+00 1.741481659296567273e+02
