2.978920000000000102e-06 2.395480000000000018e+02
3.383129999999999828e-06 3.886460000000000150e+02
3.842190000000000393e-06 5.542649999999999864e+02
4.363530000000000216e-06 7.242469999999999573e+02
4.955610000000000314e-06 8.892169999999999845e+02
5.628029999999999714e-06 1.043450000000000045e+03
6.391690000000000293e-06 1.184289999999999964e+03
7.258979999999999743e-06 1.311099999999999909e+03
8.243940000000000220e-06 1.424319999999999936e+03
9.362550000000000679e-06 1.524849999999999909e+03
1.063289999999999945e-05 1.613769999999999982e+03
1.207570000000000027e-05 1.692140000000000100e+03
1.371430000000000014e-05 1.760930000000000064e+03
1.557509999999999933e-05 1.821119999999999891e+03
1.768849999999999844e-05 1.873609999999999900e+03
2.008859999999999940e-05 1.919089999999999918e+03
2.281449999999999985e-05 1.958359999999999900e+03
2.591010000000000117e-05 1.992099999999999909e+03
2.942579999999999870e-05 2.020960000000000036e+03
3.341859999999999883e-05 2.045559999999999945e+03
3.795310000000000090e-05 2.066480000000000018e+03
4.310299999999999711e-05 2.084190000000000055e+03
4.895150000000000049e-05 2.099050000000000182e+03
5.559370000000000273e-05 2.111400000000000091e+03
6.313720000000000259e-05 2.121579999999999927e+03
7.170420000000000374e-05 2.129969999999999800e+03
8.143369999999999927e-05 2.136880000000000109e+03
9.248329999999999594e-05 2.142599999999999909e+03
1.050320000000000068e-04 2.147309999999999945e+03
1.192840000000000052e-04 2.151159999999999854e+03
1.354700000000000023e-04 2.154260000000000218e+03
1.538509999999999878e-04 2.156659999999999854e+03
1.747270000000000095e-04 2.158409999999999854e+03
1.984359999999999954e-04 2.159559999999999945e+03
2.253610000000000129e-04 2.160099999999999909e+03
2.559400000000000195e-04 2.160070000000000164e+03
2.906690000000000185e-04 2.159460000000000036e+03
3.301089999999999797e-04 2.158269999999999982e+03
3.749010000000000211e-04 2.156489999999999782e+03
4.257710000000000270e-04 2.154099999999999909e+03
4.835439999999999769e-04 2.151070000000000164e+03
5.491549999999999557e-04 2.147380000000000109e+03
6.236699999999999969e-04 2.142980000000000018e+03
7.082949999999999533e-04 2.137829999999999927e+03
8.044019999999999599e-04 2.131860000000000127e+03
9.135509999999999681e-04 2.125019999999999982e+03
1.037509999999999951e-03 2.117239999999999782e+03
1.178290000000000023e-03 2.108429999999999836e+03
1.338170000000000071e-03 2.098500000000000000e+03
1.519739999999999893e-03 2.087369999999999891e+03
1.725959999999999907e-03 2.074929999999999836e+03
1.960149999999999913e-03 2.061059999999999945e+03
2.226119999999999835e-03 2.045660000000000082e+03
2.528180000000000097e-03 2.028599999999999909e+03
2.871229999999999789e-03 2.009769999999999982e+03
3.260820000000000211e-03 1.989029999999999973e+03
3.703280000000000200e-03 1.966279999999999973e+03
4.205770000000000168e-03 1.941380000000000109e+03
4.776449999999999793e-03 1.914240000000000009e+03
5.424560000000000146e-03 1.884759999999999991e+03
6.160610000000000391e-03 1.852849999999999909e+03
6.996539999999999877e-03 1.818460000000000036e+03
7.945890000000000591e-03 1.781549999999999955e+03
9.024060000000000414e-03 1.742119999999999891e+03
1.024850000000000066e-02 1.700180000000000064e+03
1.163909999999999945e-02 1.655809999999999945e+03
1.321839999999999994e-02 1.609089999999999918e+03
1.501199999999999930e-02 1.560160000000000082e+03
1.704900000000000165e-02 1.509190000000000055e+03
1.936239999999999836e-02 1.456390000000000100e+03
2.198960000000000151e-02 1.402000000000000000e+03
2.497339999999999977e-02 1.346259999999999991e+03
2.836199999999999832e-02 1.289480000000000018e+03
3.221040000000000014e-02 1.231930000000000064e+03
3.658100000000000240e-02 1.173930000000000064e+03
4.154460000000000097e-02 1.115769999999999982e+03
4.718180000000000290e-02 1.057750000000000000e+03
5.358380000000000087e-02 1.000149999999999977e+03
6.085460000000000175e-02 9.432240000000000464e+02
6.911180000000000101e-02 8.872190000000000509e+02
7.848960000000000659e-02 8.323410000000000082e+02
8.913970000000000227e-02 7.787749999999999773e+02
1.012350000000000055e-01 7.266760000000000446e+02
1.149710000000000037e-01 6.761739999999999782e+02
1.305719999999999936e-01 6.273690000000000282e+02
1.482890000000000041e-01 5.803400000000000318e+02
1.684100000000000041e-01 5.351459999999999582e+02
1.912619999999999876e-01 4.918249999999999886e+02
2.172139999999999904e-01 4.504069999999999823e+02
2.466869999999999896e-01 4.109100000000000250e+02
2.801600000000000201e-01 3.733500000000000227e+02
3.181740000000000124e-01 3.377420000000000186e+02
3.613469999999999738e-01 3.041089999999999804e+02
4.103780000000000205e-01 2.724839999999999804e+02
4.660619999999999763e-01 2.429159999999999968e+02
5.293010000000000215e-01 2.154780000000000086e+02
6.011220000000000452e-01 1.902709999999999866e+02
6.826870000000000438e-01 1.674329999999999927e+02
7.753200000000000092e-01 1.471450000000000102e+02
8.805229999999999446e-01 1.296450000000000102e+02
1.000000000000000000e+00 1.142263908431750394e+02
