1.117100000000000077e-11 6.387960000000000000e+07
1.437510000000000001e-11 1.469860000000000000e+08
1.849819999999999887e-11 2.355910000000000000e+08
2.380390000000000038e-11 3.138990000000000000e+08
3.063140000000000214e-11 3.777760000000000000e+08
3.941719999999999728e-11 4.283230000000000000e+08
5.072300000000000026e-11 4.677010000000000000e+08
6.527160000000000392e-11 4.979490000000000000e+08
8.399310000000000487e-11 5.207910000000000000e+08
1.080839999999999987e-10 5.377330000000000000e+08
1.390849999999999907e-10 5.501040000000000000e+08
1.789779999999999945e-10 5.590090000000000000e+08
2.303140000000000124e-10 5.652160000000000000e+08
2.963730000000000063e-10 5.694460000000000000e+08
3.813799999999999796e-10 5.723340000000000000e+08
4.907690000000000451e-10 5.742780000000000000e+08
6.315330000000000152e-10 5.754780000000000000e+08
8.126719999999999622e-10 5.760270000000000000e+08
1.045769999999999998e-09 5.759670000000000000e+08
1.345719999999999981e-09 5.753020000000000000e+08
1.731699999999999924e-09 5.740100000000000000e+08
2.228389999999999995e-09 5.720360000000000000e+08
2.867550000000000091e-09 5.692970000000000000e+08
3.690029999999999923e-09 5.656780000000000000e+08
4.748419999999999615e-09 5.610310000000000000e+08
6.110380000000000152e-09 5.551770000000000000e+08
7.862979999999999249e-09 5.479080000000000000e+08
1.011829999999999969e-08 5.389910000000000000e+08
1.302040000000000024e-08 5.281800000000000000e+08
1.675500000000000015e-08 5.152370000000000000e+08
2.156070000000000062e-08 4.999480000000000000e+08
2.774489999999999918e-08 4.821620000000000000e+08
3.570280000000000124e-08 4.618210000000000000e+08
4.594320000000000074e-08 4.389890000000000000e+08
5.912070000000000079e-08 4.138810000000000000e+08
7.607800000000000136e-08 3.868610000000000000e+08
9.789899999999999539e-08 3.584260000000000000e+08
1.259789999999999927e-07 3.291720000000000000e+08
1.621119999999999894e-07 2.997360000000000000e+08
2.086100000000000131e-07 2.707430000000000000e+08
2.684439999999999916e-07 2.427470000000000000e+08
3.454409999999999762e-07 2.162020000000000000e+08
4.445209999999999873e-07 1.914370000000000000e+08
5.720210000000000371e-07 1.686560000000000000e+08
7.360899999999999692e-07 1.479520000000000000e+08
9.472179999999999788e-07 1.293250000000000000e+08
1.218900000000000095e-06 1.127050000000000000e+08
1.568509999999999955e-06 9.797350000000000000e+07
2.018400000000000021e-06 8.498710000000000000e+07
2.597330000000000084e-06 7.358730000000000000e+07
3.342300000000000170e-06 6.361400000000000000e+07
4.300949999999999877e-06 5.491220000000000000e+07
5.534569999999999934e-06 4.733640000000000000e+07
7.122009999999999596e-06 4.075300000000000000e+07
9.164770000000000346e-06 3.504120000000000000e+07
1.179339999999999961e-05 3.009270000000000000e+07
1.517610000000000027e-05 2.581150000000000000e+07
1.952899999999999886e-05 2.211240000000000000e+07
2.513029999999999892e-05 1.892050000000000000e+07
3.233830000000000173e-05 1.616990000000000000e+07
4.161369999999999766e-05 1.380270000000000000e+07
5.354949999999999950e-05 1.176810000000000000e+07
6.890879999999999998e-05 1.002180000000000000e+07
8.867339999999999706e-05 8.524850000000000000e+06
1.141069999999999970e-04 7.243360000000000000e+06
1.468359999999999880e-04 6.147740000000000000e+06
1.889519999999999893e-04 5.212210000000000000e+06
2.431479999999999969e-04 4.414380000000000000e+06
3.128879999999999899e-04 3.734820000000000000e+06
4.026319999999999899e-04 3.156670000000000000e+06
5.181159999999999976e-04 2.665380000000000000e+06
6.667240000000000492e-04 2.248350000000000000e+06
8.579570000000000122e-04 1.894760000000000000e+06
1.104039999999999926e-03 1.595250000000000000e+06
1.420700000000000001e-03 1.341820000000000000e+06
1.828200000000000094e-03 1.127590000000000000e+06
2.352570000000000008e-03 9.466650000000000000e+05
3.027339999999999892e-03 7.940050000000000000e+05
3.895650000000000068e-03 6.653060000000000000e+05
5.013019999999999976e-03 5.568980000000000000e+05
6.450870000000000042e-03 4.656520000000000000e+05
8.301130000000000314e-03 3.889100000000000000e+05
1.068209999999999993e-02 3.244100000000000000e+05
1.374599999999999954e-02 2.702330000000000000e+05
1.768859999999999877e-02 2.247520000000000000e+05
2.276219999999999979e-02 1.865920000000000000e+05
2.929090000000000166e-02 1.545860000000000000e+05
3.769220000000000209e-02 1.277520000000000000e+05
4.850329999999999919e-02 1.052590000000000000e+05
6.241510000000000113e-02 8.640889999999999418e+04
8.031729999999999425e-02 7.061330000000000291e+04
1.033540000000000014e-01 5.737969999999999709e+04
1.329990000000000061e-01 4.629659999999999854e+04
1.711459999999999926e-01 3.702159999999999854e+04
2.202349999999999863e-01 2.927250000000000000e+04
2.834030000000000160e-01 2.281979999999999927e+04
3.646900000000000142e-01 1.748079999999999927e+04
4.692919999999999869e-01 1.311600000000000000e+04
6.038959999999999884e-01 9.627129999999999200e+03
7.771069999999999922e-01 6.957289999999999964e+03
1.000000000000000000e+00 5.027854697186793601e+03
