4.468390000000000035e-03 1.582739999999999980e-01
4.716820000000000040e-03 1.981509999999999938e-01
4.979060000000000430e-03 2.409119999999999873e-01
5.255890000000000041e-03 2.857970000000000232e-01
5.548110000000000194e-03 3.321919999999999873e-01
5.856570000000000178e-03 3.794130000000000003e-01
6.182179999999999793e-03 4.268910000000000204e-01
6.525900000000000277e-03 4.741170000000000107e-01
6.888720000000000086e-03 5.206589999999999829e-01
7.271719999999999746e-03 5.661690000000000333e-01
7.676009999999999604e-03 6.103790000000000049e-01
8.102780000000000399e-03 6.530930000000000346e-01
8.553279999999999911e-03 6.941770000000000440e-01
9.028819999999999901e-03 7.335479999999999778e-01
9.530810000000000670e-03 7.711590000000000389e-01
1.006070000000000055e-02 8.069979999999999931e-01
1.062010000000000037e-02 8.410739999999999883e-01
1.121049999999999998e-02 8.734129999999999949e-01
1.183380000000000022e-02 9.040489999999999915e-01
1.249169999999999968e-02 9.330270000000000508e-01
1.318620000000000035e-02 9.603920000000000234e-01
1.391940000000000018e-02 9.861959999999999615e-01
1.469320000000000001e-02 1.010490000000000110e+00
1.551020000000000003e-02 1.033320000000000016e+00
1.637250000000000164e-02 1.054740000000000011e+00
1.728280000000000094e-02 1.074799999999999978e+00
1.824359999999999871e-02 1.093539999999999957e+00
1.925800000000000081e-02 1.111019999999999897e+00
2.032870000000000163e-02 1.127240000000000020e+00
2.145889999999999950e-02 1.142260000000000053e+00
2.265189999999999912e-02 1.156160000000000077e+00
2.391129999999999992e-02 1.168940000000000090e+00
2.524080000000000074e-02 1.180660000000000043e+00
2.664410000000000042e-02 1.191310000000000091e+00
2.812550000000000119e-02 1.200939999999999896e+00
2.968919999999999892e-02 1.209589999999999943e+00
3.133980000000000099e-02 1.217279999999999918e+00
3.308219999999999911e-02 1.224040000000000017e+00
3.492150000000000115e-02 1.229889999999999928e+00
3.686310000000000281e-02 1.234860000000000069e+00
3.891259999999999858e-02 1.238939999999999930e+00
4.107609999999999734e-02 1.242210000000000036e+00
4.335979999999999696e-02 1.244669999999999943e+00
4.577049999999999869e-02 1.246320000000000094e+00
4.831529999999999853e-02 1.247190000000000021e+00
5.100149999999999822e-02 1.247290000000000010e+00
5.383709999999999885e-02 1.246639999999999970e+00
5.683030000000000026e-02 1.245239999999999903e+00
5.998989999999999878e-02 1.243109999999999937e+00
6.332519999999999816e-02 1.240240000000000009e+00
6.684600000000000264e-02 1.236639999999999961e+00
7.056250000000000022e-02 1.232299999999999951e+00
7.448559999999999903e-02 1.227230000000000043e+00
7.862679999999999669e-02 1.221430000000000016e+00
8.299829999999999708e-02 1.214890000000000025e+00
8.761289999999999356e-02 1.207619999999999916e+00
9.248389999999999389e-02 1.199610000000000065e+00
9.762590000000000157e-02 1.190870000000000095e+00
1.030540000000000067e-01 1.181380000000000097e+00
1.087830000000000047e-01 1.171149999999999913e+00
1.148310000000000025e-01 1.160160000000000080e+00
1.212160000000000043e-01 1.148400000000000087e+00
1.279550000000000132e-01 1.135880000000000001e+00
1.350689999999999946e-01 1.122560000000000002e+00
1.425790000000000113e-01 1.108449999999999935e+00
1.505060000000000009e-01 1.093520000000000048e+00
1.588729999999999865e-01 1.077760000000000051e+00
1.677059999999999940e-01 1.061160000000000103e+00
1.770309999999999939e-01 1.043700000000000072e+00
1.868730000000000113e-01 1.025369999999999893e+00
1.972629999999999939e-01 1.006150000000000100e+00
2.082299999999999984e-01 9.860269999999999868e-01
2.198070000000000024e-01 9.649959999999999649e-01
2.320280000000000120e-01 9.430460000000000509e-01
2.449280000000000068e-01 9.201799999999999979e-01
2.585459999999999980e-01 8.963809999999999834e-01
2.729210000000000247e-01 8.716610000000000191e-01
2.880940000000000167e-01 8.460269999999999735e-01
3.041119999999999934e-01 8.194919999999999982e-01
3.210200000000000276e-01 7.920789999999999775e-01
3.388680000000000025e-01 7.638160000000000505e-01
3.577080000000000259e-01 7.347430000000000350e-01
3.775959999999999872e-01 7.049079999999999790e-01
3.985890000000000266e-01 6.743740000000000290e-01
4.207500000000000129e-01 6.432160000000000100e-01
4.441430000000000100e-01 6.115270000000000428e-01
4.688359999999999750e-01 5.794179999999999886e-01
4.949020000000000086e-01 5.470199999999999507e-01
5.224180000000000490e-01 5.144879999999999454e-01
5.514630000000000365e-01 4.820050000000000168e-01
5.821229999999999460e-01 4.497820000000000151e-01
6.144880000000000342e-01 4.180679999999999952e-01
6.486520000000000064e-01 3.871459999999999901e-01
6.847159999999999913e-01 3.573450000000000237e-01
7.227850000000000108e-01 3.290420000000000011e-01
7.629700000000000371e-01 3.026679999999999926e-01
8.053900000000000503e-01 2.787180000000000213e-01
8.501680000000000348e-01 2.577519999999999811e-01
8.974349999999999827e-01 2.404100000000000126e-01
9.473300000000000054e-01 2.274160000000000070e-01
1.000000000000000000e+00 2.151241025865498757e-01
