1.117099999999999955e-12 6.387960000000000000e+08
1.470989999999999975e-12 1.551870000000000000e+09
1.936999999999999925e-12 2.509000000000000000e+09
2.550630000000000008e-12 3.328240000000000000e+09
3.358669999999999864e-12 3.976670000000000000e+09
4.422689999999999606e-12 4.475580000000000000e+09
5.823790000000000169e-12 4.852800000000000000e+09
7.668750000000000014e-12 5.133070000000000000e+09
1.009820000000000073e-11 5.336730000000000000e+09
1.329730000000000070e-11 5.481840000000000000e+09
1.750980000000000037e-11 5.583540000000000000e+09
2.305689999999999963e-11 5.652380000000000000e+09
3.036129999999999989e-11 5.697710000000000000e+09
3.997970000000000180e-11 5.727610000000000000e+09
5.264510000000000233e-11 5.746820000000000000e+09
6.932299999999999936e-11 5.757540000000000000e+09
9.128429999999999465e-11 5.760750000000000000e+09
1.202030000000000087e-10 5.756760000000000000e+09
1.582829999999999951e-10 5.745450000000000000e+09
2.084269999999999979e-10 5.726300000000000000e+09
2.744560000000000188e-10 5.698320000000000000e+09
3.614029999999999875e-10 5.660130000000000000e+09
4.758950000000000405e-10 5.609850000000000000e+09
6.266569999999999589e-10 5.545170000000000000e+09
8.251810000000000480e-10 5.463350000000000000e+09
1.086599999999999949e-09 5.361360000000000000e+09
1.430829999999999907e-09 5.236000000000000000e+09
1.884110000000000021e-09 5.084240000000000000e+09
2.480990000000000136e-09 4.903610000000000000e+09
3.266960000000000059e-09 4.692720000000000000e+09
4.301930000000000260e-09 4.451730000000000000e+09
5.664770000000000074e-09 4.182810000000000000e+09
7.459359999999999768e-09 3.890290000000000000e+09
9.822469999999999479e-09 3.580440000000000000e+09
1.293419999999999944e-08 3.260930000000000000e+09
1.703170000000000024e-08 2.940050000000000000e+09
2.242740000000000136e-08 2.625800000000000000e+09
2.953229999999999903e-08 2.325110000000000000e+09
3.888810000000000264e-08 2.043320000000000000e+09
5.120770000000000133e-08 1.784030000000000000e+09
6.743019999999999985e-08 1.549130000000000000e+09
8.879189999999999982e-08 1.339060000000000000e+09
1.169210000000000052e-07 1.153150000000000000e+09
1.539610000000000113e-07 9.899950000000000000e+08
2.027359999999999964e-07 8.477510000000000000e+08
2.669620000000000052e-07 7.243700000000000000e+08
3.515350000000000042e-07 6.177730000000000000e+08
4.629010000000000235e-07 5.259630000000000000e+08
6.095469999999999722e-07 4.470850000000000000e+08
8.026499999999999511e-07 3.794600000000000000e+08
1.056929999999999975e-06 3.215870000000000000e+08
1.391759999999999911e-06 2.721420000000000000e+08
1.832670000000000065e-06 2.299660000000000000e+08
2.413250000000000146e-06 1.940460000000000000e+08
3.177760000000000048e-06 1.635020000000000000e+08
4.184469999999999935e-06 1.375700000000000000e+08
5.510109999999999833e-06 1.155890000000000000e+08
7.255699999999999835e-06 9.698650000000000000e+07
9.554279999999999604e-06 8.126750000000000000e+07
1.258110000000000055e-05 6.800600000000000000e+07
1.656669999999999844e-05 5.683500000000000000e+07
2.181500000000000035e-05 4.743920000000000000e+07
2.872599999999999907e-05 3.954810000000000000e+07
3.782630000000000069e-05 3.293020000000000000e+07
4.980959999999999826e-05 2.738790000000000000e+07
6.558910000000000532e-05 2.275260000000000000e+07
8.636759999999999620e-05 1.888100000000000000e+07
1.137289999999999948e-04 1.565140000000000000e+07
1.497579999999999983e-04 1.296060000000000000e+07
1.972010000000000115e-04 1.072140000000000000e+07
2.596729999999999785e-04 8.860220000000000000e+06
3.419370000000000027e-04 7.314900000000000000e+06
4.502619999999999930e-04 6.033270000000000000e+06
5.929040000000000005e-04 4.971440000000000000e+06
7.807349999999999577e-04 4.092630000000000000e+06
1.028070000000000069e-03 3.366000000000000000e+06
1.353760000000000076e-03 2.765790000000000000e+06
1.782629999999999892e-03 2.270460000000000000e+06
2.347360000000000158e-03 1.862060000000000000e+06
3.090999999999999998e-03 1.525620000000000000e+06
4.070220000000000261e-03 1.248690000000000000e+06
5.359659999999999598e-03 1.020920000000000000e+06
7.057589999999999870e-03 8.337360000000000000e+05
9.293420000000000153e-03 6.800060000000000000e+05
1.223759999999999952e-02 5.538350000000000000e+05
1.611440000000000095e-02 4.503420000000000000e+05
2.121939999999999937e-02 3.654940000000000000e+05
2.794160000000000046e-02 2.959620000000000000e+05
3.679349999999999982e-02 2.390000000000000000e+05
4.844960000000000239e-02 1.923470000000000000e+05
6.379830000000000223e-02 1.541440000000000000e+05
8.400950000000000084e-02 1.228650000000000000e+05
1.106229999999999991e-01 9.726110000000000582e+04
1.456689999999999929e-01 7.631250000000000000e+04
1.918159999999999865e-01 5.919369999999999709e+04
2.525830000000000020e-01 4.524169999999999709e+04
3.326009999999999800e-01 3.393290000000000146e+04
4.379680000000000240e-01 2.486670000000000073e+04
5.767160000000000064e-01 1.775440000000000146e+04
7.594180000000000375e-01 1.241479999999999927e+04
1.000000000000000000e+00 8.681068038054454519e+03
