1.489460000000000068e-04 4.789539999999999687e+00
1.626669999999999928e-04 6.805640000000000356e+00
1.776520000000000128e-04 9.020039999999999836e+00
1.940160000000000072e-04 1.134469999999999956e+01
2.118889999999999901e-04 1.370139999999999958e+01
2.314080000000000043e-04 1.602570000000000050e+01
2.527249999999999766e-04 1.827080000000000126e+01
2.760050000000000112e-04 2.040569999999999951e+01
3.014299999999999922e-04 2.241349999999999909e+01
3.291980000000000015e-04 2.428699999999999903e+01
3.595229999999999932e-04 2.602550000000000097e+01
3.926420000000000127e-04 2.763269999999999982e+01
4.288110000000000250e-04 2.911420000000000030e+01
4.683120000000000251e-04 3.047680000000000078e+01
5.114530000000000378e-04 3.172779999999999845e+01
5.585670000000000478e-04 3.287420000000000186e+01
6.100209999999999791e-04 3.392300000000000182e+01
6.662149999999999496e-04 3.488060000000000116e+01
7.275860000000000096e-04 3.575249999999999773e+01
7.946099999999999561e-04 3.654619999999999891e+01
8.678079999999999692e-04 3.726689999999999969e+01
9.477490000000000090e-04 3.791850000000000165e+01
1.035050000000000033e-03 3.850690000000000168e+01
1.130399999999999938e-03 3.903649999999999665e+01
1.234529999999999959e-03 3.951209999999999667e+01
1.348259999999999997e-03 3.993800000000000239e+01
1.472449999999999931e-03 4.031819999999999737e+01
1.608089999999999953e-03 4.065690000000000026e+01
1.756229999999999901e-03 4.095779999999999887e+01
1.918009999999999941e-03 4.122429999999999950e+01
2.094690000000000180e-03 4.145940000000000225e+01
2.287650000000000013e-03 4.166539999999999822e+01
2.498390000000000073e-03 4.184420000000000073e+01
2.728539999999999785e-03 4.199810000000000088e+01
2.979879999999999855e-03 4.212930000000000064e+01
3.254389999999999800e-03 4.224009999999999820e+01
3.554180000000000100e-03 4.233270000000000266e+01
3.881579999999999926e-03 4.240919999999999845e+01
4.239149999999999689e-03 4.247109999999999985e+01
4.629649999999999911e-03 4.252000000000000313e+01
5.056119999999999885e-03 4.255680000000000263e+01
5.521889999999999785e-03 4.258229999999999649e+01
6.030549999999999973e-03 4.259720000000000084e+01
6.586080000000000233e-03 4.260159999999999769e+01
7.192780000000000180e-03 4.259579999999999700e+01
7.855360000000000467e-03 4.257990000000000208e+01
8.578989999999999880e-03 4.255380000000000251e+01
9.369270000000000723e-03 4.251740000000000208e+01
1.023229999999999973e-02 4.247030000000000172e+01
1.117489999999999976e-02 4.241239999999999810e+01
1.220440000000000066e-02 4.234329999999999927e+01
1.332859999999999948e-02 4.226239999999999952e+01
1.455640000000000059e-02 4.216940000000000310e+01
1.589729999999999963e-02 4.206360000000000099e+01
1.736180000000000015e-02 4.194429999999999836e+01
1.896110000000000156e-02 4.181080000000000041e+01
2.070779999999999843e-02 4.166230000000000189e+01
2.261530000000000137e-02 4.149790000000000134e+01
2.469860000000000111e-02 4.131649999999999778e+01
2.697379999999999917e-02 4.111710000000000065e+01
2.945860000000000145e-02 4.089860000000000184e+01
3.217230000000000090e-02 4.065959999999999752e+01
3.513589999999999769e-02 4.039880000000000138e+01
3.837259999999999976e-02 4.011480000000000246e+01
4.190739999999999743e-02 3.980599999999999739e+01
4.576779999999999737e-02 3.947079999999999700e+01
4.998389999999999778e-02 3.910750000000000171e+01
5.458829999999999932e-02 3.871410000000000196e+01
5.961690000000000045e-02 3.828900000000000148e+01
6.510870000000000546e-02 3.783010000000000161e+01
7.110640000000000016e-02 3.733539999999999992e+01
7.765660000000000618e-02 3.680279999999999774e+01
8.481020000000000225e-02 3.623040000000000305e+01
9.262280000000000513e-02 3.561590000000000344e+01
1.011549999999999949e-01 3.495739999999999981e+01
1.104730000000000018e-01 3.425300000000000011e+01
1.206499999999999934e-01 3.350070000000000192e+01
1.317639999999999922e-01 3.269879999999999853e+01
1.439020000000000021e-01 3.184590000000000032e+01
1.571579999999999921e-01 3.094079999999999941e+01
1.716350000000000098e-01 2.998260000000000147e+01
1.874460000000000015e-01 2.897090000000000032e+01
2.047130000000000061e-01 2.790589999999999904e+01
2.235709999999999920e-01 2.678839999999999932e+01
2.441659999999999942e-01 2.562000000000000099e+01
2.666580000000000061e-01 2.440340000000000131e+01
2.912219999999999809e-01 2.314199999999999946e+01
3.180490000000000261e-01 2.184080000000000155e+01
3.473470000000000169e-01 2.050619999999999976e+01
3.793440000000000145e-01 1.914610000000000056e+01
4.142890000000000184e-01 1.777039999999999864e+01
4.524520000000000208e-01 1.639099999999999824e+01
4.941309999999999869e-01 1.502210000000000001e+01
5.396499999999999631e-01 1.368060000000000009e+01
5.893620000000000525e-01 1.238640000000000008e+01
6.436530000000000307e-01 1.116230000000000011e+01
7.029450000000000420e-01 1.003470000000000084e+01
7.676990000000000203e-01 9.034060000000000201e+00
8.384179999999999966e-01 8.194720000000000226e+00
9.156520000000000215e-01 7.555790000000000006e+00
1.000000000000000000e+00 6.966680890359797651e+00
