1.117099999999999994e-04 6.387950000000000017e+00
1.223519999999999968e-04 9.170099999999999696e+00
1.340070000000000063e-04 1.223010000000000019e+01
1.467739999999999876e-04 1.543950000000000067e+01
1.607559999999999903e-04 1.868449999999999989e+01
1.760700000000000134e-04 2.187359999999999971e+01
1.928440000000000124e-04 2.494160000000000110e+01
2.112150000000000030e-04 2.784730000000000061e+01
2.313360000000000091e-04 3.056929999999999836e+01
2.533740000000000037e-04 3.309980000000000189e+01
2.775119999999999952e-04 3.544010000000000105e+01
3.039490000000000269e-04 3.759649999999999892e+01
3.329049999999999848e-04 3.957800000000000296e+01
3.646190000000000000e-04 4.139500000000000313e+01
3.993539999999999850e-04 4.305780000000000030e+01
4.373979999999999752e-04 4.457690000000000197e+01
4.790670000000000128e-04 4.596240000000000236e+01
5.247049999999999848e-04 4.722169999999999845e+01
5.746910000000000039e-04 4.836679999999999779e+01
6.294389999999999751e-04 4.940550000000000352e+01
6.894019999999999836e-04 5.034380000000000166e+01
7.550779999999999558e-04 5.119010000000000105e+01
8.270099999999999847e-04 5.195170000000000243e+01
9.057950000000000376e-04 5.263519999999999754e+01
9.920849999999999721e-04 5.324739999999999895e+01
1.086600000000000066e-03 5.379419999999999646e+01
1.190110000000000083e-03 5.428199999999999648e+01
1.303490000000000031e-03 5.471629999999999683e+01
1.427660000000000083e-03 5.510229999999999961e+01
1.563670000000000077e-03 5.544449999999999790e+01
1.712629999999999925e-03 5.574640000000000128e+01
1.875780000000000069e-03 5.601109999999999900e+01
2.054480000000000021e-03 5.624199999999999733e+01
2.250199999999999943e-03 5.644259999999999877e+01
2.464560000000000188e-03 5.661659999999999826e+01
2.699350000000000100e-03 5.676720000000000255e+01
2.956499999999999927e-03 5.689770000000000039e+01
3.238149999999999969e-03 5.701059999999999661e+01
3.546629999999999835e-03 5.710799999999999699e+01
3.884499999999999932e-03 5.719169999999999732e+01
4.254560000000000113e-03 5.726290000000000191e+01
4.659869999999999984e-03 5.732260000000000133e+01
5.103790000000000410e-03 5.737160000000000082e+01
5.590000000000000351e-03 5.741029999999999944e+01
6.122530000000000160e-03 5.743930000000000291e+01
6.705789999999999668e-03 5.745870000000000033e+01
7.344609999999999680e-03 5.746869999999999834e+01
8.044300000000000755e-03 5.746949999999999648e+01
8.810639999999999791e-03 5.746099999999999852e+01
9.649980000000000710e-03 5.744310000000000116e+01
1.056930000000000022e-02 5.741590000000000060e+01
1.157620000000000003e-02 5.737910000000000110e+01
1.267899999999999930e-02 5.733239999999999981e+01
1.388679999999999949e-02 5.727550000000000097e+01
1.520969999999999961e-02 5.720819999999999794e+01
1.665869999999999851e-02 5.712989999999999924e+01
1.824570000000000011e-02 5.703999999999999915e+01
1.998379999999999948e-02 5.693809999999999860e+01
2.188760000000000011e-02 5.682339999999999947e+01
2.397269999999999956e-02 5.669530000000000314e+01
2.625649999999999859e-02 5.655279999999999774e+01
2.875780000000000003e-02 5.639509999999999934e+01
3.149740000000000179e-02 5.622109999999999985e+01
3.449800000000000089e-02 5.602989999999999782e+01
3.778440000000000271e-02 5.582009999999999650e+01
4.138390000000000124e-02 5.559060000000000201e+01
4.532640000000000280e-02 5.534009999999999962e+01
4.964439999999999825e-02 5.506689999999999685e+01
5.437369999999999703e-02 5.476970000000000027e+01
5.955359999999999820e-02 5.444680000000000319e+01
6.522699999999999332e-02 5.409640000000000271e+01
7.144079999999999875e-02 5.371679999999999922e+01
7.824659999999999949e-02 5.330599999999999739e+01
8.570070000000000465e-02 5.286220000000000141e+01
9.386500000000000399e-02 5.238340000000000174e+01
1.028069999999999956e-01 5.186740000000000350e+01
1.126010000000000066e-01 5.131230000000000047e+01
1.233279999999999932e-01 5.071600000000000108e+01
1.350770000000000026e-01 5.007639999999999958e+01
1.479449999999999932e-01 4.939150000000000063e+01
1.620379999999999876e-01 4.865950000000000131e+01
1.774749999999999939e-01 4.787870000000000203e+01
1.943819999999999992e-01 4.704749999999999943e+01
2.129000000000000059e-01 4.616449999999999676e+01
2.331820000000000004e-01 4.522890000000000299e+01
2.553960000000000119e-01 4.424009999999999820e+01
2.797259999999999747e-01 4.319789999999999708e+01
3.063739999999999797e-01 4.210280000000000200e+01
3.355609999999999982e-01 4.095609999999999928e+01
3.675280000000000213e-01 3.975970000000000226e+01
4.025400000000000089e-01 3.851659999999999684e+01
4.408880000000000021e-01 3.723100000000000165e+01
4.828890000000000127e-01 3.590809999999999746e+01
5.288910000000000000e-01 3.455490000000000350e+01
5.792760000000000131e-01 3.317999999999999972e+01
6.344600000000000239e-01 3.179390000000000072e+01
6.949020000000000197e-01 3.040970000000000084e+01
7.611019999999999452e-01 2.904269999999999996e+01
8.336080000000000156e-01 2.771140000000000114e+01
9.130209999999999715e-01 2.643769999999999953e+01
1.000000000000000000e+00 2.522253289013616495e+01
