2.234190000000000047e-03 3.179839999999999889e-01
2.374810000000000202e-03 4.089149999999999729e-01
2.524279999999999840e-03 5.070449999999999680e-01
2.683159999999999972e-03 6.102269999999999639e-01
2.852040000000000131e-03 7.166620000000000212e-01
3.031550000000000043e-03 8.245590000000000419e-01
3.222360000000000068e-03 9.323529999999999873e-01
3.425169999999999951e-03 1.038729999999999931e+00
3.640749999999999889e-03 1.142609999999999904e+00
3.869899999999999902e-03 1.243300000000000072e+00
4.113470000000000147e-03 1.340200000000000058e+00
4.372380000000000363e-03 1.432979999999999920e+00
4.647570000000000173e-03 1.521419999999999995e+00
4.940090000000000280e-03 1.605450000000000044e+00
5.251020000000000340e-03 1.685079999999999911e+00
5.581520000000000405e-03 1.760369999999999990e+00
5.932820000000000107e-03 1.831420000000000048e+00
6.306240000000000283e-03 1.898369999999999891e+00
6.703149999999999734e-03 1.961359999999999992e+00
7.125049999999999960e-03 2.020529999999999937e+00
7.573500000000000371e-03 2.076039999999999885e+00
8.050180000000000530e-03 2.128049999999999997e+00
8.556859999999999467e-03 2.176689999999999792e+00
9.095429999999999834e-03 2.222109999999999808e+00
9.667890000000000164e-03 2.264470000000000205e+00
1.027639999999999977e-02 2.303799999999999848e+00
1.092319999999999923e-02 2.340329999999999799e+00
1.161069999999999984e-02 2.374169999999999892e+00
1.234150000000000004e-02 2.405450000000000088e+00
1.311820000000000000e-02 2.434200000000000141e+00
1.394390000000000039e-02 2.460560000000000080e+00
1.482149999999999961e-02 2.484630000000000116e+00
1.575439999999999827e-02 2.506499999999999950e+00
1.674600000000000047e-02 2.526269999999999794e+00
1.779999999999999985e-02 2.544010000000000105e+00
1.892030000000000101e-02 2.559810000000000141e+00
2.011119999999999922e-02 2.573760000000000048e+00
2.137700000000000017e-02 2.585910000000000153e+00
2.272240000000000024e-02 2.596359999999999779e+00
2.415259999999999976e-02 2.605150000000000077e+00
2.567279999999999909e-02 2.612350000000000172e+00
2.728859999999999966e-02 2.618030000000000079e+00
2.900609999999999994e-02 2.622219999999999995e+00
3.083179999999999948e-02 2.624969999999999803e+00
3.277240000000000014e-02 2.626290000000000013e+00
3.483499999999999791e-02 2.626209999999999933e+00
3.702760000000000079e-02 2.624750000000000139e+00
3.935810000000000003e-02 2.621919999999999806e+00
4.183529999999999888e-02 2.617750000000000021e+00
4.446839999999999821e-02 2.612260000000000026e+00
4.726729999999999821e-02 2.605469999999999953e+00
5.024229999999999668e-02 2.597379999999999800e+00
5.340450000000000058e-02 2.588010000000000144e+00
5.676579999999999820e-02 2.577360000000000095e+00
6.033859999999999918e-02 2.565430000000000099e+00
6.413639999999999619e-02 2.552210000000000090e+00
6.817310000000000036e-02 2.537679999999999936e+00
7.246389999999999776e-02 2.521809999999999885e+00
7.702480000000000437e-02 2.504579999999999806e+00
8.187279999999999558e-02 2.485959999999999948e+00
8.702590000000000325e-02 2.465899999999999981e+00
9.250329999999999664e-02 2.444370000000000154e+00
9.832539999999999336e-02 2.421310000000000073e+00
1.045139999999999958e-01 2.396679999999999922e+00
1.110919999999999963e-01 2.370420000000000194e+00
1.180839999999999945e-01 2.342490000000000183e+00
1.255169999999999897e-01 2.312809999999999810e+00
1.334170000000000078e-01 2.281350000000000211e+00
1.418139999999999956e-01 2.248040000000000038e+00
1.507400000000000129e-01 2.212829999999999853e+00
1.602270000000000083e-01 2.175650000000000084e+00
1.703119999999999912e-01 2.136470000000000091e+00
1.810309999999999975e-01 2.095219999999999860e+00
1.924250000000000127e-01 2.051860000000000017e+00
2.045369999999999966e-01 2.006339999999999790e+00
2.174099999999999921e-01 1.958639999999999937e+00
2.310939999999999939e-01 1.908730000000000038e+00
2.456389999999999962e-01 1.856579999999999897e+00
2.610999999999999988e-01 1.802200000000000024e+00
2.775329999999999742e-01 1.745589999999999975e+00
2.950010000000000132e-01 1.686779999999999946e+00
3.135689999999999866e-01 1.625830000000000108e+00
3.333050000000000179e-01 1.562799999999999967e+00
3.542830000000000146e-01 1.497789999999999955e+00
3.765819999999999723e-01 1.430949999999999944e+00
4.002839999999999732e-01 1.362440000000000095e+00
4.254780000000000229e-01 1.292489999999999917e+00
4.522570000000000201e-01 1.221370000000000067e+00
4.807230000000000114e-01 1.149399999999999977e+00
5.109789999999999610e-01 1.076999999999999957e+00
5.431399999999999562e-01 1.004629999999999912e+00
5.773260000000000058e-01 9.328840000000000465e-01
6.136629999999999585e-01 8.624199999999999644e-01
6.522869999999999502e-01 7.940350000000000463e-01
6.933420000000000138e-01 7.286519999999999664e-01
7.369809999999999972e-01 6.673499999999999988e-01
7.833660000000000068e-01 6.113800000000000345e-01
8.326710000000000500e-01 5.621850000000000458e-01
8.850799999999999779e-01 5.214309999999999778e-01
9.407870000000000399e-01 4.910329999999999973e-01
1.000000000000000000e+00 4.624072124090850555e-01
