0.000446838999999999982	1.1945107932171988
0.000482669000000000023	1.5992731233774655
0.000521371999999999981	2.0634500236124973
0.000563179000000000023	2.5630163518717146
0.000608338000000000043	3.0831633022136824
0.000657118000000000047	3.6113054755021263
0.000709809000000000048	4.137169828418872
0.000766726000000000018	4.652982896590046
0.000828206999999999967	5.153234955366082
0.000894617000000000003	5.634332110338609
0.000966352999999999982	6.094149232984077
0.00104384000000000009	6.5316969669012765
0.00112754000000000001	6.946717583964666
0.00121794999999999998	7.339426035341698
0.00131561999999999998	7.710399597817911
0.00142110999999999995	8.060333669449415
0.00153505999999999998	8.390081978480625
0.0016581600000000001	8.700546531388254
0.00179112	8.99253375425269
0.0019347399999999999	9.267076098392634
0.00208988000000000012	9.524622671822618
0.0022574600000000002	9.76658845560283
0.00243846999999999987	9.993634339320272
0.00263400000000000006	10.206400578017853
0.00284520999999999993	10.405670609632894
0.00307335999999999981	10.592260727869284
0.00331979999999999992	10.766856402047056
0.00358600000000000021	10.93022300798586
0.00387353999999999997	11.082996845538839
0.00418415000000000019	11.225969137676971
0.00451966	11.359722285685187
0.00488206999999999964	11.484992933294487
0.00527354000000000017	11.602307331342015
0.00569640999999999984	11.712340716413317
0.00615318000000000028	11.815484764770991
0.00664658000000000002	11.912269924137236
0.00717953999999999988	12.002936508379264
0.00775524000000000005	12.088012764028596
0.00837710000000000017	12.167744299879734
0.00904882000000000082	12.242668097346057
0.00977441000000000074	12.313189066816195
0.0105582000000000002	12.379635226660545
0.0114047999999999997	12.442483536342777
0.0123193	12.502074333589105
0.0133071000000000005	12.558586675047584
0.0143742000000000002	12.612352243757746
0.0155268000000000003	12.663544782059455
0.0167717999999999999	12.712261546231707
0.0181166999999999995	12.758672538255183
0.0195694000000000007	12.802787548929674
0.0211386000000000004	12.844690350810964
0.022833599999999999	12.884463746286913
0.0246644999999999989	12.922112214355572
0.0266422000000000013	12.957555138272728
0.0287786000000000014	12.990865980212185
0.0310862000000000013	13.021958290490113
0.0335789000000000018	13.050823684983358
0.0362714000000000022	13.077369870243825
0.0391798999999999967	13.101583907389703
0.0423216000000000009	13.123370248067909
0.0457151999999999975	13.142548234734882
0.0493808999999999984	13.159174048901885
0.053340499999999999	13.1729873778084
0.0576177000000000009	13.183875856648436
0.0622378000000000028	13.191727701974115
0.0672283999999999937	13.19643219901588
0.0726191999999999949	13.197710971694676
0.0784422000000000036	13.195439646248545
0.0847321999999999936	13.189415884940887
0.0915264999999999968	13.179430762718413
0.0988655999999999979	13.165189116718478
0.106792999999999999	13.146386900300888
0.115357000000000001	13.12288836895331
0.124606999999999996	13.094385796618214
0.134597999999999995	13.060567423015105
0.145390999999999992	13.021120695053233
0.157048999999999994	12.975636874546801
0.169642999999999988	12.92396233756053
0.183244999999999991	12.865600805172818
0.197939000000000004	12.800307931616969
0.213811000000000001	12.727753792373099
0.230955999999999995	12.647520581486347
0.249475000000000002	12.5592700223238
0.269479000000000024	12.462844575825077
0.291088000000000013	12.35792396014746
0.314429000000000014	12.244183770706782
0.339642	12.12157303148871
0.36687599999999998	11.989975799876056
0.396295000000000008	11.849294236328218
0.428072000000000008	11.699814866604983
0.462397000000000002	11.541881476029744
0.499475000000000002	11.37581353343215
0.53952599999999995	11.202560791248837
0.582787999999999973	11.023330761193037
0.629519000000000051	10.839666153695621
0.679997999999999991	10.653974645116865
0.734523999999999955	10.46989919897722
0.793422999999999989	10.292938701998656
0.857044000000000028	10.133619826557117
0.925767000000000007	10.020062937577723
1.	9.915203463389929