0.00178735000000000005	0.32405788898883653
0.00190409999999999993	0.41395573834057164
0.00202846000000000016	0.5150563352647305
0.00216095000000000002	0.6232499028803061
0.00230209000000000013	0.7362399355926947
0.00245245000000000012	0.8519022991677614
0.0026126299999999999	0.9684841711638573
0.00278327000000000002	1.0844491360076043
0.00296505999999999983	1.1985739113219451
0.00315871999999999984	1.3099328849640162
0.00336504000000000013	1.4178743610656046
0.00358481999999999985	1.5219381871492275
0.00381896000000000015	1.6218563140803015
0.00406839999999999979	1.7174765020675793
0.00433412000000000033	1.8087653344353238
0.00461721000000000006	1.8957300961421069
0.0049187800000000002	1.9784609631194887
0.00524003999999999963	2.057038683612438
0.00558230000000000011	2.1315967927267776
0.00594689999999999976	2.2022519259271864
0.00633532000000000019	2.269142776508716
0.00674911	2.3324122974599066
0.00718992999999999976	2.3921847023777594
0.00765953000000000033	2.448602047707779
0.00815980999999999998	2.501733364898874
0.0086927700000000007	2.5517625425397576
0.00926052999999999946	2.598826366826457
0.00986537999999999998	2.643039986190018
0.0105097000000000003	2.6844553701263814
0.0111961999999999999	2.7231882746517466
0.0119273999999999995	2.7593602122087706
0.0127065000000000008	2.7930716191979577
0.0135364000000000005	2.824399545987818
0.0144204999999999993	2.8534420183031637
0.0153624	2.880297698869213
0.0163657999999999998	2.905041343832743
0.0174347000000000009	2.9277483961900743
0.0185734999999999997	2.9485199543585203
0.0197866000000000014	2.9674007688891533
0.0210789000000000011	2.984483722136805
0.0224556999999999986	2.9998162342029504
0.0239223999999999999	3.0134589902955295
0.0254849000000000013	3.0254501186983913
0.0271494000000000006	3.0358102615719886
0.0289225999999999997	3.0445677362118517
0.0308117000000000009	3.051742991521288
0.0328241999999999978	3.057355449981422
0.034968100000000002	3.0614245731294463
0.0372520000000000004	3.0639783224833277
0.0396851000000000009	3.0650452675371285
0.042277099999999998	3.064620964915595
0.0450383999999999993	3.062716147199577
0.0479800999999999978	3.0593419267143807
0.0511138999999999968	3.0544842656878
0.054452399999999998	3.048119711141567
0.0580089000000000021	3.0402402985527903
0.0617978	3.0308051649943786
0.0658341000000000065	3.0197711057921617
0.0701340000000000019	3.007102632978329
0.0747147999999999979	2.9927302800237787
0.0795947000000000043	2.9766074558366933
0.0847934000000000049	2.958654005108195
0.0903317000000000009	2.9388213651446797
0.0962317000000000034	2.91701888904552
0.102516999999999997	2.893170439989217
0.109213000000000004	2.8672080326181497
0.116346000000000005	2.8390373679502856
0.123945	2.8085624369487583
0.132040999999999992	2.7757118838637957
0.140665000000000012	2.7403882405260824
0.149852000000000013	2.7025097558813904
0.159640000000000004	2.6619686369064848
0.170066999999999996	2.6186983012422957
0.181174000000000002	2.5725980680968172
0.193008000000000013	2.5236003357180565
0.205613999999999991	2.471620835139247
0.219043999999999989	2.4165911190916676
0.233350000000000002	2.3584785064767773
0.248592000000000007	2.297215810673334
0.264828000000000008	2.232797255166687
0.282125000000000015	2.1652005954260076
0.300551999999999986	2.0944665518364323
0.320182999999999995	2.020638891927818
0.341094999999999982	1.9437990322162646
0.363373999999999975	1.8640754684485372
0.387108000000000008	1.7816560230983225
0.412391000000000008	1.6967789853221174
0.439327000000000023	1.6097427258226564
0.46802100000000002	1.520954780499818
0.498589999999999978	1.430878444137683
0.531155000000000044	1.3401267867299078
0.565846999999999989	1.249412897057355
0.602805000000000035	1.1596084584466195
0.642176999999999998	1.07176086123873
0.684120999999999979	0.9871368889198529
0.728804000000000007	0.9072268433835708
0.776405000000000012	0.8338427685301697
0.827115999999999962	0.76918026732289
0.881139000000000006	0.7160517894313605
0.938690000000000024	0.6786896893416701
1.	0.6435695361453396