0.000297892000000000014	1.7397936827966163
0.000323087000000000005	2.3600649489735273
0.000350411000000000017	3.075392552215798
0.000380047000000000002	3.846145505733814
0.000412189999999999996	4.647603676152269
0.000447049999999999997	5.458950407438533
0.000484859999999999989	6.263707599670223
0.00052586600000000005	7.04973188584603
0.000570341000000000034	7.808559384338242
0.000618578000000000053	8.535161420104714
0.000670892999999999989	9.226712783884228
0.000727634000000000006	9.882104361560767
0.000789173000000000001	10.501229422065165
0.000855916999999999984	11.084919076400867
0.000928306000000000053	11.634239468936979
0.00100682000000000007	12.150562390852963
0.00109197000000000005	12.6353353732698
0.00118431999999999999	13.089944045809776
0.00128447999999999995	13.51596928752638
0.00139312000000000008	13.914374857659796
0.0015109399999999999	14.2874160214123
0.00163872999999999992	14.636144674713595
0.00177731999999999999	14.961730734662824
0.00192764	15.26531927728824
0.0020906700000000002	15.548398242434496
0.00226749000000000004	15.812040800501654
0.00245926	16.05751029091929
0.00266724999999999992	16.285918359754607
0.00289282999999999988	16.49837205087338
0.00313749000000000016	16.69599500760555
0.00340283999999999986	16.87979107375054
0.00369062999999999987	17.050853135163404
0.00400277000000000011	17.209993985322363
0.00434130000000000019	17.357875505396947
0.00470846000000000025	17.49523759107311
0.00510667999999999973	17.622530546803464
0.00553858000000000041	17.740340365228903
0.00600700000000000019	17.849414253229977
0.00651503999999999972	17.95029356816839
0.00706604	18.043666465500113
0.00766365000000000015	18.13008765888983
0.0083117999999999994	18.210023190919667
0.00901477000000000007	18.283887804809293
0.00977718999999999984	18.351923200084013
0.0106041	18.414445431712597
0.0115008999999999997	18.4715393158438
0.0124735999999999996	18.52320922868368
0.0135286	18.56951719183956
0.0146727000000000003	18.610364081019792
0.0159136999999999994	18.645659331194864
0.0172595999999999999	18.67528388920128
0.0187193000000000012	18.698968350370055
0.0203025000000000011	18.716586272098517
0.0220195000000000009	18.727768603126517
0.0238818000000000016	18.732298550306634
0.0259016000000000003	18.729871005352564
0.0280922000000000012	18.720016100901127
0.0304681000000000014	18.702487208241735
0.033044900000000002	18.676641763742158
0.0358397000000000021	18.642051809126652
0.038870799999999997	18.59828642623176
0.0421583000000000027	18.54467148453813
0.0457238000000000019	18.480670083224243
0.0495909000000000003	18.40550097491401
0.0537849999999999995	18.318602500304387
0.058333900000000001	18.219089860474
0.0632674000000000014	18.10629448760432
0.0686182999999999932	17.979303804399503
0.0744216000000000044	17.83726139899597
0.0807158000000000042	17.679220371295063
0.0875423000000000034	17.504215435038606
0.0949461000000000055	17.31135100568548
0.102975999999999998	17.099472247363515
0.111685000000000006	16.867733541182073
0.121131000000000003	16.614871572320833
0.131375999999999993	16.34009487736706
0.142487000000000002	16.04219815698041
0.154537000000000008	15.720371035797983
0.167607000000000006	15.373555404956496
0.181783	15.00110144960598
0.197156999999999999	14.602284348612846
0.213830999999999993	14.176457988597074
0.231916000000000011	13.723497041358655
0.251529999999999976	13.243219667685436
0.272803000000000018	12.736058651813847
0.295874999999999999	12.202492192050734
0.32089899999999999	11.643725260204965
0.348038999999999987	11.061560903897425
0.377473999999999976	10.458319166967732
0.409399000000000013	9.837191044712846
0.444023000000000001	9.202357574112375
0.481576999999999977	8.559052359502829
0.522306000000000048	7.9138300659867955
0.566478999999999955	7.274753346566483
0.614388999999999963	6.651641508248767
0.666351000000000027	6.056451226917048
0.722706999999999988	5.503670020255493
0.783830000000000027	5.011054055779355
0.850122000000000044	4.601209467806567
0.92202099999999998	4.307548054989791
1.	4.035432012919358