0.00127668000000000009	0.4456256021495858
0.00136465000000000002	0.5759173056414308
0.00145867999999999996	0.7231531311231987
0.00155919000000000001	0.8809099849436127
0.00166663000000000011	1.0456096120796707
0.00178147000000000006	1.2139281181671029
0.00190422000000000009	1.3830569052316903
0.00203542999999999996	1.5507037868508668
0.00217569000000000009	1.7150960197544602
0.00232560000000000015	1.8749119472142175
0.00248584999999999995	2.0292585080251024
0.00265714000000000011	2.177558410297497
0.00284023000000000001	2.3194847883411303
0.00303593000000000005	2.454922268588482
0.00324512000000000021	2.583858768095183
0.00346873000000000016	2.706381216265458
0.00370774000000000017	2.822633248551723
0.00396321999999999994	2.9327948812715823
0.00423631000000000008	3.0370974236175585
0.00452821000000000039	3.135710607507369
0.00484023000000000005	3.2288549722448545
0.0051737500000000004	3.31676187323779
0.00553024999999999958	3.399648012107356
0.00591131000000000035	3.477606418151129
0.00631863000000000043	3.551004579138638
0.00675402000000000034	3.6199582002261046
0.00721939999999999995	3.6847228451027054
0.00771685999999999987	3.745338709817804
0.00824859000000000009	3.8020403690964293
0.00881696000000000042	3.8550180856244416
0.00942449000000000064	3.904401771982937
0.0100739000000000002	3.9503681804641504
0.0107679999999999998	3.993064264737364
0.0115099999999999994	4.032626846926355
0.0123031000000000008	4.069196520604042
0.0131508000000000007	4.102933469034888
0.014057	4.133939795053144
0.0150256000000000001	4.162359170444451
0.0160609999999999989	4.188286518656901
0.0171676000000000016	4.211827521087644
0.0183506000000000016	4.233047083425145
0.0196150000000000005	4.251986152010877
0.0209665999999999984	4.268713260944664
0.0224112999999999986	4.283279161015833
0.0239556000000000005	4.295735868074284
0.0256061999999999991	4.306149999217237
0.0273705999999999984	4.314559292174107
0.0292566000000000007	4.321023295840135
0.0312725000000000017	4.325570189229645
0.0334274000000000029	4.328244393447714
0.0357306999999999972	4.3290405222162605
0.038192700000000003	4.327960026470519
0.0408243999999999968	4.325003811181285
0.0436373999999999998	4.320130680297222
0.0466441999999999968	4.313305368287184
0.0498583000000000012	4.3044755308300005
0.0532938000000000023	4.293586296026997
0.0569660000000000028	4.28056553153278
0.0608911999999999995	4.265330785752594
0.065087000000000006	4.247789768481412
0.0695718000000000031	4.227856080647008
0.0743656000000000039	4.205417655130239
0.0794897999999999994	4.180376844050901
0.0849671000000000037	4.152601266377551
0.0908217000000000052	4.121980870288074
0.0970797999999999939	4.088388436823503
0.103769	4.051685907579931
0.110919000000000004	4.011741824583206
0.118562000000000001	3.9684066325880853
0.126732000000000011	3.92153683910411
0.135464000000000001	3.870987085338539
0.14479800000000001	3.816611187405038
0.154775999999999997	3.7582614687349545
0.165441000000000005	3.6957970019660067
0.176839999999999997	3.6290757576749697
0.189026	3.5579546186383264
0.202050000000000007	3.4823243286755297
0.215972999999999998	3.4020751274577417
0.230854000000000004	3.317106776129369
0.246761000000000008	3.2273613709189415
0.263765000000000027	3.1328012310824755
0.281938999999999995	3.0334079154247178
0.301366000000000023	2.929234054942803
0.322131999999999974	2.820373671432467
0.344328999999999996	2.706969327024825
0.368055000000000021	2.589249511072362
0.393415999999999988	2.467540151122039
0.420524000000000009	2.342250347106011
0.449500000000000011	2.2139359013590902
0.480472999999999983	2.0832876635172295
0.513580000000000036	1.9511532166220595
0.54896900000000004	1.8185962924147
0.586794999999999956	1.6869075698902327
0.627229000000000036	1.5576586166875863
0.670448000000000044	1.432721325176327
0.716644999999999976	1.3143725329147573
0.766025999999999985	1.2053613631763442
0.818809000000000009	1.1090514533956888
0.875229000000000035	1.0297457954084555
0.935536999999999952	0.9738854832301188
1.	0.9215122817423006