0.000178734999999999989	2.788773573019105
0.000194844999999999995	3.844938793770426
0.000212405999999999999	5.071917452977243
0.00023154999999999999	6.396029371780337
0.000252418999999999983	7.770245107815504
0.000275169000000000021	9.15638268059057
0.000299969999999999989	10.524960624421778
0.00032700600000000002	11.854795065155306
0.000356478999999999986	13.132245077852735
0.000388607999999999977	14.349540047667569
0.000423632999999999974	15.502824249821156
0.000461815000000000023	16.591272083275346
0.000503437000000000025	17.615559686950792
0.000548811999999999976	18.577650981598744
0.000598276000000000016	19.479900560026604
0.000652197999999999992	20.32491226558191
0.000710979000000000038	21.115559690297857
0.000775059000000000034	21.854822639136493
0.000844915000000000011	22.544374983376652
0.000921066000000000007	23.18836835278098
0.00100408000000000008	23.78912589841881
0.00109457999999999994	24.348481835584806
0.00119322999999999998	24.869041387007552
0.00130078000000000008	25.353371138497764
0.00141800999999999993	25.803609112642462
0.00154582000000000005	26.22214954571787
0.0016851399999999999	26.61112781393105
0.00183701999999999997	26.97272787812931
0.00200258999999999984	27.308989863933398
0.00218308	27.621957182502435
0.00237983999999999982	27.91339059877858
0.00259433000000000016	28.184876283332986
0.00282816000000000014	28.43751641972169
0.00308304999999999994	28.672484721641926
0.00336092999999999982	28.890939078303703
0.00366383999999999981	29.094247663836065
0.0039940599999999998	29.28376366968917
0.00435403999999999999	29.46069491346379
0.00474647000000000003	29.62627420469946
0.00517425999999999997	29.781307696736288
0.00564061999999999983	29.926796418770056
0.00614899999999999995	30.0631757870898
0.0067032000000000003	30.191005642888438
0.00730734999999999978	30.31046794896922
0.00796595999999999936	30.421870520166834
0.00868391999999999949	30.52521941117186
0.00946660000000000036	30.620502941656035
0.0103198000000000005	30.707615365751266
0.0112499000000000002	30.786369428294897
0.0122638999999999994	30.856566931194745
0.0133691999999999995	30.917901046962886
0.0145742000000000007	30.970005826398523
0.0158877000000000011	31.01254608261026
0.017319600000000001	31.04497451135162
0.0188807000000000003	31.06687230792491
0.0205823000000000013	31.077478962432213
0.0224373999999999997	31.076275100257458
0.0244597000000000009	31.06248118418735
0.026664199999999999	31.035296278483866
0.0290674000000000002	30.99390907949001
0.0316871999999999987	30.937253065140325
0.0345432000000000031	30.864471012815557
0.0376565000000000025	30.774296075897293
0.0410504999999999967	30.66559121021833
0.0447502999999999998	30.53711635470784
0.0487836000000000034	30.387534119045444
0.0531804000000000027	30.21523570067795
0.0579734999999999973	30.01889909646688
0.0631985999999999937	29.79678823482811
0.0688946000000000003	29.547367567610664
0.0751040000000000041	29.268678259509116
0.0818731000000000042	28.959124526238533
0.0892522000000000038	28.61677255458526
0.0972964000000000051	28.239731780436248
0.106065999999999994	27.826087188500853
0.115625000000000006	27.37397506164593
0.126045999999999991	26.881685383604278
0.137407000000000001	26.347242075018528
0.149791000000000008	25.769221670896744
0.163291999999999993	25.146126750529234
0.178009000000000001	24.476704771528095
0.194053000000000003	23.760043243083775
0.211543000000000009	22.995592658615617
0.230609000000000008	22.183430066684387
0.251392999999999978	21.32402914769812
0.274050999999999989	20.418693501388546
0.298750999999999989	19.469604539352982
0.325676999999999994	18.479752199947793
0.355030000000000012	17.453568733273002
0.387029000000000012	16.396834750268642
0.42191099999999998	15.31679902451829
0.459938000000000014	14.2226510596141
0.501391000000000031	13.125804991984102
0.546580999999999984	12.040120873497562
0.59584400000000004	10.982214368812825
0.649546999999999986	9.972276320724527
0.708089999999999997	9.034320969146197
0.771908999999999956	8.197626897191478
0.841481000000000034	7.499156354503221
0.917323	6.993365931790063
1.	6.526731572193518