0.000148946000000000007	3.298387500859283
0.000162666999999999993	4.57360746517881
0.000177652000000000013	6.059162348974873
0.000194016000000000007	7.663082077061102
0.00021188899999999999	9.326837830222429
0.000231408000000000004	11.002885026838722
0.000252724999999999977	12.65511714358005
0.000276005000000000011	14.257891616308864
0.000301429999999999992	15.795108487427717
0.000329198000000000002	17.257645963448592
0.000359522999999999993	18.64147286898935
0.000392642000000000013	19.94577290996413
0.000428811000000000025	21.17195351121164
0.000468312000000000025	22.3224936327204
0.000511453000000000038	23.400431935043425
0.000558567000000000048	24.409230614209918
0.000610020999999999979	25.35241631886849
0.00066621499999999995	26.233418843060747
0.00072758600000000001	27.055162213850394
0.000794609999999999956	27.822150083717386
0.000867807999999999969	28.53717640861025
0.000947749000000000009	29.202772657435318
0.00103505000000000003	29.822522431824964
0.00113039999999999994	30.399116709826348
0.00123452999999999996	30.9356875110321
0.00134826	31.43495368856407
0.00147244999999999993	31.899703521525925
0.00160808999999999995	32.33275172123853
0.0017562299999999999	32.73662575539344
0.00191800999999999994	33.11394210806117
0.00209469000000000018	33.466713973774844
0.00228765000000000001	33.7966807305475
0.00249839000000000007	34.105264991845836
0.00272853999999999978	34.394242986449015
0.00297987999999999986	34.66509827591629
0.0032543899999999998	34.91981763296591
0.0035541800000000001	35.16006267984461
0.00388157999999999993	35.38750089669894
0.00423914999999999969	35.60350540497645
0.00462964999999999991	35.809408030873676
0.00505611999999999988	36.00604861694162
0.00552188999999999979	36.19440799518958
0.00603054999999999997	36.374938353068174
0.00658608000000000023	36.548226451800346
0.00719278000000000018	36.71454234700651
0.00785536000000000047	36.87422896923331
0.00857898999999999988	37.027321844662374
0.00936927000000000072	37.174048221581266
0.0102322999999999997	37.314412388005444
0.0111748999999999998	37.448428657493665
0.0122044000000000007	37.57608079822018
0.0133285999999999995	37.69716589737193
0.0145564000000000006	37.81167214340445
0.0158972999999999996	37.91940452539107
0.0173618000000000002	38.020166531190625
0.0189611000000000016	38.11357727643803
0.0207077999999999984	38.19942181170533
0.0226153000000000014	38.277303157799366
0.0246986000000000011	38.346910697731204
0.0269737999999999992	38.40759854921879
0.0294586000000000014	38.45901246578415
0.0321723000000000009	38.50040843104428
0.0351358999999999977	38.531323525450325
0.0383725999999999998	38.550912501677715
0.0419073999999999974	38.55852336940507
0.0457677999999999974	38.55326817793901
0.0499838999999999978	38.53423461762723
0.0545882999999999993	38.50040463786637
0.0596169000000000004	38.45082684030753
0.0651087000000000055	38.38437065498871
0.0711064000000000002	38.29980057649336
0.0776566000000000062	38.19585503756895
0.0848102000000000022	38.07125209129189
0.0926228000000000051	37.924525016568516
0.101154999999999995	37.75417547253884
0.110473000000000002	37.558848613401665
0.120649999999999993	37.336768501907954
0.131763999999999992	37.08635145611666
0.143902000000000002	36.80609858474763
0.157157999999999992	36.494153833612465
0.17163500000000001	36.14905027579539
0.187446000000000002	35.769154616118094
0.204713000000000006	35.35289547768589
0.223570999999999992	34.89895507364391
0.244165999999999994	34.406023239034326
0.266658000000000006	33.87314159982135
0.291221999999999981	33.29955585636818
0.318049000000000026	32.68481621094761
0.347347000000000017	32.02914268658663
0.379344000000000014	31.333131736202546
0.414289000000000018	30.59812069514449
0.452452000000000021	29.826473949197677
0.494130999999999987	29.02151393532577
0.539649999999999963	28.187935017424692
0.589362000000000052	27.332421176924424
0.643653000000000031	26.463764587628834
0.702945000000000042	25.59451166951856
0.76769900000000002	24.743048139089804
0.838417999999999997	23.940534335499287
0.915652000000000022	23.262463648559724
1.	22.624922904586843