0.00446839000000000004	0.13626732670424618
0.00471682000000000004	0.16855951330713287
0.00497906000000000043	0.20442159703917734
0.00525589000000000004	0.24264947024372804
0.00554811000000000019	0.2826276380147257
0.00585657000000000018	0.3237423158230147
0.00618217999999999979	0.365484685571918
0.00652590000000000028	0.4073974500424989
0.00688872000000000009	0.44909165093360465
0.00727171999999999975	0.49024664830207443
0.0076760099999999996	0.5306069007776493
0.0081027800000000004	0.5699801193427855
0.00855327999999999991	0.6082269195083572
0.0090288199999999999	0.6452513828036115
0.00953081000000000067	0.6809925483509084
0.0100607000000000006	0.7154187242335075
0.0106201000000000004	0.7485204611573312
0.0112105	0.780303676799773
0.0118338000000000002	0.8107836922023764
0.0124916999999999997	0.8399869314862167
0.0131862000000000004	0.8679421164597825
0.0139194000000000002	0.8946821206536147
0.0146932	0.920247364806626
0.0155102	0.9446754120110199
0.0163725000000000016	0.9679988173207925
0.0172828000000000009	0.9902539020319326
0.0182435999999999987	1.0114838308151965
0.0192580000000000008	1.0317268754037654
0.0203287000000000016	1.0509945655963446
0.0214588999999999995	1.0693322349711898
0.0226518999999999991	1.0868027241974765
0.0239112999999999999	1.1034135009986923
0.0252408000000000007	1.1192108836149623
0.0266441000000000004	1.1342012123756726
0.0281255000000000012	1.1484154418611885
0.0296891999999999989	1.1618762254074255
0.031339800000000001	1.1746564370367747
0.0330821999999999991	1.1867487368891276
0.0349215000000000012	1.1981843048308847
0.0368631000000000028	1.2089956765029746
0.0389125999999999986	1.2192073297220838
0.0410760999999999973	1.228835664419305
0.043359799999999997	1.2379132075577823
0.0457704999999999987	1.2464568986437043
0.0483152999999999985	1.254499942422647
0.0510014999999999982	1.2620593157052065
0.0538370999999999988	1.269151950153773
0.0568303000000000003	1.2757944838579134
0.0599898999999999988	1.2820122232382285
0.0633251999999999982	1.287814021707917
0.0668460000000000026	1.293208165496639
0.0705625000000000002	1.2982112122909035
0.074485599999999999	1.3028231532860552
0.0786267999999999967	1.3070689199070549
0.0829982999999999971	1.310948841576495
0.0876128999999999936	1.314479507666285
0.0924838999999999939	1.3176779952653352
0.0976259000000000016	1.3205447018453627
0.103054000000000007	1.3230964362400124
0.108783000000000005	1.325350187412233
0.114831000000000002	1.3273069059538514
0.121216000000000004	1.3289664267358108
0.127955000000000013	1.3303450945732727
0.135068999999999995	1.3314436026960232
0.142579000000000011	1.332261725047318
0.150506000000000001	1.3327987894927447
0.158872999999999986	1.333063037928941
0.167705999999999994	1.3330459687659146
0.177030999999999994	1.3327468298890621
0.186873000000000011	1.3321645786337564
0.197262999999999994	1.3312814919122278
0.208229999999999998	1.3301136735751684
0.219807000000000002	1.3286435858602765
0.232028000000000012	1.3268701585832854
0.244928000000000007	1.3247837884875744
0.258545999999999998	1.3223838040449942
0.272921000000000025	1.3196607320953324
0.288094000000000017	1.3166138307106487
0.304111999999999993	1.313234241619545
0.321020000000000028	1.3095215260993247
0.338868000000000002	1.3054670150142427
0.357708000000000026	1.301080037878182
0.377595999999999987	1.2963621050341572
0.398589000000000027	1.2913059680071883
0.420750000000000013	1.2859139103140376
0.44414300000000001	1.2802074588319317
0.468835999999999975	1.274201165692178
0.494902000000000009	1.2678929614141046
0.522418000000000049	1.261318924406761
0.551463000000000036	1.254510216787068
0.582122999999999946	1.247502453019909
0.614488000000000034	1.2403559900741807
0.648652000000000006	1.2331224988744502
0.684715999999999991	1.2259045767953194
0.722785000000000011	1.2188102285046174
0.762970000000000037	1.2120147612756076
0.80539000000000005	1.2057887529468168
0.850168000000000035	1.200537659457466
0.897434999999999983	1.1971567689278169
0.947330000000000005	1.1982551652784723
1.	1.199848411814046