0.00111709999999999999	0.5054838550991522
0.00119567000000000002	0.65627552606539
0.00127976000000000001	0.8269672462951634
0.00136976999999999997	1.0100200443122933
0.00146611000000000007	1.2010452799652909
0.00156923000000000002	1.3961189470984867
0.00167960000000000006	1.5919045070422664
0.00179772999999999999	1.7857136556185171
0.00192417	1.9754735701059705
0.00205950000000000013	2.15969709192742
0.00220435999999999983	2.3373575583347836
0.00235940000000000021	2.5078324464092043
0.00252534000000000005	2.670778693276332
0.00270295999999999991	2.8260866068861366
0.00289305999999999982	2.973804796500544
0.00309654000000000006	3.113997665458202
0.00331432999999999988	3.2468862946375587
0.0035474399999999998	3.37269774414419
0.00379694999999999989	3.49167433437877
0.0040639999999999999	3.604074592242276
0.00434982999999999984	3.7101558589362056
0.00465577000000000005	3.810182400696198
0.00498322999999999995	3.9043877719469795
0.00533372000000000013	3.9929266142547943
0.00570884999999999969	4.076243698653382
0.00611038000000000033	4.154476559379886
0.00654013999999999984	4.227807288890533
0.00700013000000000024	4.296436878428531
0.00749248000000000015	4.360593595118015
0.00801944999999999915	4.420486663243133
0.00858347999999999923	4.47629768997571
0.00918718999999999959	4.528217845173789
0.00983335999999999932	4.576439822022362
0.0105249999999999996	4.621113519671689
0.0112651999999999995	4.662432312711818
0.0120575000000000005	4.70055233684999
0.0129055999999999997	4.735626919874063
0.0138133000000000006	4.767800508598604
0.0147848000000000007	4.797197593994031
0.0158247000000000006	4.823904490910656
0.0169377	4.847994745325831
0.0181289999999999993	4.869543941843852
0.0194041000000000005	4.888626647251308
0.0207688000000000005	4.905301352787438
0.0222295999999999987	4.919652739740044
0.0237930000000000016	4.931762967319879
0.0254664999999999996	4.941679464186424
0.0272575999999999999	4.9494683079801005
0.0291748000000000007	4.955167699281712
0.0312266999999999996	4.95880342854561
0.0334230000000000013	4.960387140882958
0.0357738000000000014	4.959903239615556
0.0382897999999999988	4.957333784513562
0.0409829000000000027	4.952645243705169
0.0438653999999999988	4.945784234860412
0.046950600000000002	4.9366876479428115
0.0502528000000000002	4.925274280559213
0.0537872000000000003	4.911460374739774
0.0575702999999999979	4.895161157984627
0.0616193999999999978	4.876256398075266
0.0659533000000000064	4.854648311382065
0.070592000000000002	4.83020481469791
0.0755569999999999992	4.8027909558146815
0.0808711000000000013	4.772286252967104
0.0865590999999999999	4.738527687265405
0.0926470999999999961	4.701373528636012
0.0991632999999999959	4.660672790229092
0.106137999999999996	4.616238661674189
0.113602999999999996	4.567922844799159
0.121593000000000007	4.515543013709928
0.130145000000000011	4.458922288034286
0.139298000000000005	4.397881723802811
0.149096000000000006	4.332240989979413
0.159582000000000002	4.261834573901549
0.170806000000000013	4.186470006276383
0.18282000000000001	4.106004436604185
0.195677999999999991	4.020269228243179
0.209440999999999988	3.929128092584478
0.224171000000000009	3.832463079343592
0.239938000000000012	3.730190559042857
0.256813999999999987	3.6222379952178714
0.274876000000000009	3.5085947508799404
0.294208999999999998	3.3892795646482
0.314902000000000015	3.2643949454687275
0.337050000000000016	3.13410267329198
0.360756000000000021	2.998642141599139
0.386129	2.8583782101912862
0.413287000000000016	2.7137867296264364
0.442354999999999998	2.565484886909293
0.473467000000000027	2.414252879066832
0.506767999999999996	2.2611029860019127
0.542410999999999976	2.107262439058819
0.580559999999999965	1.954216152568458
0.621392999999999973	1.8038109914793812
0.665097999999999967	1.6582513715471134
0.711875999999999953	1.5202087076354045
0.761944999999999983	1.3929130620768864
0.81553500000000001	1.280322807288964
0.872894999999999976	1.1875361563005773
0.934288000000000007	1.1221141362296227
1.	1.0608385874716495