0.0000446839000000000009	9.842645317748811
0.0000493912000000000024	14.147574139062844
0.0000545944000000000003	19.26048119569155
0.0000603457000000000006	24.7974535525003
0.0000667028999999999946	30.518207436056024
0.0000737298000000000001	36.23010779290035
0.0000814969999999999958	41.801083304850415
0.0000900825000000000036	47.149162456787174
0.0000995722999999999953	52.226053288142836
0.000110062000000000004	57.01177356529619
0.000121657000000000004	61.49846669875783
0.000134472999999999998	65.69472656628375
0.000148638999999999998	69.60963549895013
0.000164298000000000005	73.25529982292592
0.000181606000000000009	76.64646416483816
0.000200737000000000013	79.79688348444587
0.000221883999999999992	82.71898670944337
0.000245259000000000004	85.43124454650804
0.000271096000000000021	87.94314380570563
0.000299655000000000017	90.26948005403588
0.00033122300000000001	92.42219276397647
0.000366115999999999989	94.4141229399654
0.000404685000000000006	96.25824652978224
0.000447317999999999989	97.96647639370606
0.000494440999999999978	99.54957789526988
0.000546529000000000025	101.02056047919778
0.000604103999999999947	102.38866709998709
0.000667743999999999955	103.6621586453706
0.000738089000000000041	104.84845688406436
0.000815844000000000031	105.95438698591352
0.00090178999999999997	106.98792024822627
0.00099679099999999991	107.95648822573368
0.0011018	108.86756808759642
0.00121787000000000002	109.72911747845008
0.00134617000000000005	110.5462090910883
0.00148798000000000008	111.32409227565742
0.00164474	112.0663776879998
0.00181799999999999996	112.7758129828009
0.00200952999999999982	113.4544363827302
0.00222121999999999988	114.10417131517603
0.00245522000000000014	114.72491926557855
0.00271387000000000017	115.31898152759115
0.00299977000000000013	115.88430734990791
0.00331577999999999994	116.42285129670745
0.00366509000000000019	116.9338384270332
0.00405118999999999965	117.41652626276397
0.00447797000000000039	117.86923805616539
0.00494971000000000039	118.29300446249194
0.00547115000000000014	118.68487265824405
0.00604750999999999987	119.04433421619298
0.00668459999999999974	119.36890054205014
0.00738880000000000005	119.65730202305966
0.00816717999999999958	119.90608191673948
0.00902757000000000039	120.11389196447426
0.00997859000000000072	120.27715348004418
0.0110297999999999993	120.39286867076204
0.0121917999999999992	120.45726717415255
0.0134760999999999995	120.46637333319799
0.0148958000000000007	120.41625344129409
0.0164650000000000005	120.30201670624602
0.0181995000000000004	120.11793662586014
0.0201168000000000006	119.85963071090305
0.0222359999999999988	119.5203795787125
0.0245784999999999996	119.09556011307048
0.0271677999999999989	118.57671262602739
0.0300297999999999989	117.95808222586723
0.0331933999999999979	117.23165839571632
0.0366901999999999992	116.39147496205584
0.0405553999999999984	115.42769169018315
0.0448276999999999981	114.33479073131696
0.0495502000000000026	113.10346944463075
0.0547701000000000021	111.72644664171791
0.0605399999999999966	110.19564764467049
0.0669176999999999966	108.50444095640087
0.0739671999999999968	106.64458450172576
0.081759399999999996	104.6116960496497
0.0903724999999999945	102.39831701751687
0.0998929000000000067	100.00166542454049
0.110416	97.41839979671175
0.122048000000000004	94.64674669346174
0.134905999999999998	91.6870000741397
0.149118	88.54163917034249
0.164827000000000001	85.21543727576221
0.182189999999999991	81.71564929456912
0.201384000000000007	78.05257756500941
0.222598999999999991	74.23945016307421
0.24604899999999999	70.29388656748887
0.271969000000000016	66.2347621105011
0.300619999999999998	62.0872323172232
0.332289000000000001	57.879339522203054
0.367294999999999983	53.64442741504276
0.405988000000000016	49.419813300129256
0.44875799999999999	45.24820786523901
0.496033000000000002	41.17826549042043
0.548287999999999998	37.26415427181468
0.606048999999999949	33.56781749642824
0.66989399999999999	30.159905909303973
0.74046500000000004	27.122822977188722
0.818470000000000031	24.559711496605686
0.904693999999999998	22.626159510191272
1.	20.86594517853305