0.00446839000000000004	0.13505905653415567
0.00471682000000000004	0.16699600964303685
0.00497906000000000043	0.2024352443997139
0.00525589000000000004	0.24017988401897364
0.00554811000000000019	0.27961516183620416
0.00585657000000000018	0.32012972658523875
0.00618217999999999979	0.36121548195730074
0.00652590000000000028	0.40241888820903765
0.00688872000000000009	0.44335020352426896
0.00727171999999999975	0.4836893566919946
0.0076760099999999996	0.5231822368080301
0.0081027800000000004	0.5616355115678655
0.00855327999999999991	0.5989088445042026
0.0090288199999999999	0.6349059807537449
0.00953081000000000067	0.6695633727580563
0.0100607000000000006	0.7028480817091327
0.0106201000000000004	0.7347479243475697
0.0112105	0.7652652052863378
0.0118338000000000002	0.7944139028960614
0.0124916999999999997	0.822215998710004
0.0131862000000000004	0.848697186255988
0.0139194000000000002	0.8738897466412101
0.0146932	0.897824819520123
0.0155102	0.9205341352752798
0.0163725000000000016	0.9420527296359182
0.0172828000000000009	0.9624163864016465
0.0182435999999999987	0.9816515412313769
0.0192580000000000008	0.9998032414959477
0.0203287000000000016	1.016866332845742
0.0214588999999999995	1.0328847847618097
0.0226518999999999991	1.0479205694891047
0.0239112999999999999	1.0619720969974
0.0252408000000000007	1.0750846153684377
0.0266441000000000004	1.0872471610335972
0.0281255000000000012	1.0984973030330503
0.0296891999999999989	1.1088653129504498
0.031339800000000001	1.1183656650757363
0.0330821999999999991	1.1270208085435873
0.0349215000000000012	1.134845049214686
0.0368631000000000028	1.1418609808155475
0.0389125999999999986	1.1480581266308596
0.0410760999999999973	1.1535001269139475
0.043359799999999997	1.1581865748995332
0.0457704999999999987	1.162115441746359
0.0483152999999999985	1.1653093046144154
0.0510014999999999982	1.1677747253898207
0.0538370999999999988	1.1695265467405824
0.0568303000000000003	1.1705628613738948
0.0599898999999999988	1.170898140742211
0.0633251999999999982	1.1705220453068101
0.0668460000000000026	1.1694401880425735
0.0705625000000000002	1.1676415569448482
0.074485599999999999	1.1651315328544887
0.0786267999999999967	1.1619074906323967
0.0829982999999999971	1.1579580243350864
0.0876128999999999936	1.1532883265914857
0.0924838999999999939	1.1478869545597585
0.0976259000000000016	1.1417591670052039
0.103054000000000007	1.134884894397572
0.108783000000000005	1.1272686536284706
0.114831000000000002	1.1188902990762544
0.121216000000000004	1.1097371733990609
0.127955000000000013	1.0998136811984736
0.135068999999999995	1.0890818038991459
0.142579000000000011	1.0775451803204492
0.150506000000000001	1.0651737266658348
0.158872999999999986	1.051953570020165
0.167705999999999994	1.0378712152379186
0.177030999999999994	1.0229043473303232
0.186873000000000011	1.0070388363671658
0.197262999999999994	0.9902518552855476
0.208229999999999998	0.9725263913982488
0.219807000000000002	0.9538524121878852
0.232028000000000012	0.9342148514870514
0.244928000000000007	0.9136108528695931
0.258545999999999998	0.8920200945607775
0.272921000000000025	0.8694475532174248
0.288094000000000017	0.84589458149442
0.304111999999999993	0.8213677608330903
0.321020000000000028	0.7958834163865411
0.338868000000000002	0.7694626429149276
0.357708000000000026	0.7421380348014918
0.377595999999999987	0.7139501863194688
0.398589000000000027	0.6849543830038681
0.420750000000000013	0.655217777212186
0.44414300000000001	0.6248256452367946
0.468835999999999975	0.5938813734751914
0.494902000000000009	0.5625087742464793
0.522418000000000049	0.5308563257621607
0.551463000000000036	0.4991016661483549
0.582122999999999946	0.4674520236327048
0.614488000000000034	0.4361547851942085
0.648652000000000006	0.4054953193512927
0.684715999999999991	0.3758097090161358
0.722785000000000011	0.34749007658636083
0.762970000000000037	0.32099490538800746
0.80539000000000005	0.29686763146007383
0.850168000000000035	0.27575822058059724
0.897434999999999983	0.2584946821794996
0.947330000000000005	0.246344002390551
1.	0.23484720527416342