0.000148946000000000007	3.2974241756340943
0.000162666999999999993	4.572158391255695
0.000177652000000000013	6.057086778444913
0.000194016000000000007	7.660196599255218
0.00021188899999999999	9.323155345582867
0.000231408000000000004	10.998224876541295
0.000252724999999999977	12.649328143414825
0.000276005000000000011	14.250819883617575
0.000301429999999999992	15.786651316009454
0.000329198000000000002	17.247747076289084
0.000359522999999999993	18.62987295635084
0.000392642000000000013	19.93248299243077
0.000428811000000000025	21.156687016372715
0.000468312000000000025	22.305068218666435
0.000511453000000000038	23.38071708620001
0.000558567000000000048	24.387050613464833
0.000610020999999999979	25.327508337428085
0.00066621499999999995	26.20556591163929
0.00072758600000000001	27.02410243613175
0.000794609999999999956	27.78745585517045
0.000867807999999999969	28.49879697054477
0.000947749000000000009	29.16024305758227
0.00103505000000000003	29.77537772327416
0.00113039999999999994	30.347028737561757
0.00123452999999999996	30.878173569489633
0.00134826	31.371634182653473
0.00147244999999999993	31.83002716943433
0.00160808999999999995	32.25613565602554
0.0017562299999999999	32.65258029537758
0.00191800999999999994	33.02160579122529
0.00209469000000000018	33.365432042706814
0.00228765000000000001	33.68566540595528
0.00249839000000000007	33.983660602010275
0.00272853999999999978	34.261039590969084
0.00297987999999999986	34.51939752087293
0.0032543899999999998	34.7604214835316
0.0035541800000000001	34.985744690016446
0.00388157999999999993	35.196960903232515
0.00423914999999999969	35.39525304515129
0.00462964999999999991	35.581859492182055
0.00505611999999999988	35.75751919916573
0.00552188999999999979	35.92289192187522
0.00603054999999999997	36.07853087611197
0.00658608000000000023	36.22455162949164
0.00719278000000000018	36.36118246363457
0.00785536000000000047	36.48849558229668
0.00857898999999999988	36.60640011895442
0.00936927000000000072	36.71478046352153
0.0102322999999999997	36.813282334401826
0.0111748999999999998	36.90177229541257
0.0122044000000000007	36.97987334576786
0.0133285999999999995	37.04701133815188
0.0145564000000000006	37.1028595304026
0.0158972999999999996	37.14676205023595
0.0173618000000000002	37.17804403943142
0.0189611000000000016	37.195992191392286
0.0207077999999999984	37.199827854850085
0.0226153000000000014	37.18865062970658
0.0246986000000000011	37.16140441789236
0.0269737999999999992	37.117065292558046
0.0294586000000000014	37.05452193971425
0.0321723000000000009	36.97240116596581
0.0351358999999999977	36.86936954313675
0.0383725999999999998	36.74400132338107
0.0419073999999999974	36.594673760002536
0.0457677999999999974	36.41973352364654
0.0499838999999999978	36.21741947807257
0.0545882999999999993	35.985689981514575
0.0596169000000000004	35.72278660016849
0.0651087000000000055	35.42652833544556
0.0711064000000000002	35.09476506814209
0.0776566000000000062	34.72523230590391
0.0848102000000000022	34.315792054344726
0.0926228000000000051	33.86395201469591
0.101154999999999995	33.367499658789
0.110473000000000002	32.82420457323721
0.120649999999999993	32.23172910100526
0.131763999999999992	31.58794727107048
0.143902000000000002	30.890972303004663
0.157157999999999992	30.139081379834284
0.17163500000000001	29.330799615920306
0.187446000000000002	28.465081357336917
0.204713000000000006	27.541418899655483
0.223570999999999992	26.55985484356503
0.244165999999999994	25.52117833381017
0.266658000000000006	24.42720848962351
0.291221999999999981	23.280490603515315
0.318049000000000026	22.085077080028718
0.347347000000000017	20.84646064155779
0.379344000000000014	19.571655516281446
0.414289000000000018	18.26973288264927
0.452452000000000021	16.951918911834007
0.494130999999999987	15.631898930478249
0.539649999999999963	14.326364739133362
0.589362000000000052	13.055446035866064
0.643653000000000031	11.84291584533369
0.702945000000000042	10.71729884080406
0.76769900000000002	9.713169402400267
0.838417999999999997	8.873881491732156
0.915652000000000022	8.263444884462741
1.	7.701174883692738