0.00127668000000000009	0.44675856697038513
0.00136465000000000002	0.5774651939881665
0.00145867999999999996	0.7252125710427851
0.00155919000000000001	0.883569207343825
0.00166663000000000011	1.0489482034695956
0.00178147000000000006	1.2180257719700007
0.00190422000000000009	1.387989688151325
0.00203542999999999996	1.5565524190025521
0.00217569000000000009	1.7219388193963767
0.00232560000000000015	1.882822594814999
0.00248584999999999995	2.0383086658361926
0.00265714000000000011	2.187836892042899
0.00284023000000000001	2.331079867969506
0.00303593000000000005	2.4679091363204244
0.00324512000000000021	2.5983349764161163
0.00346873000000000016	2.7224454103356988
0.00370774000000000017	2.8403929342076513
0.00396321999999999994	2.952358610384627
0.00423631000000000008	3.05859168689327
0.00452821000000000039	3.159244634662247
0.00484023000000000005	3.254574376034869
0.0051737500000000004	3.3448024444091153
0.00553024999999999958	3.430163187664447
0.00591131000000000035	3.510760089316902
0.00631863000000000043	3.5869621554443643
0.00675402000000000034	3.6588940316270095
0.00721939999999999995	3.7268362860582696
0.00771685999999999987	3.790848899126205
0.00824859000000000009	3.8511523390255555
0.00881696000000000042	3.9079621599371634
0.00942449000000000064	3.961434278197519
0.0100739000000000002	4.011749221934217
0.0107679999999999998	4.059072136172134
0.0115099999999999994	4.10356681343983
0.0123031000000000008	4.1453854353177375
0.0131508000000000007	4.184699535545757
0.014057	4.221662066329029
0.0150256000000000001	4.256406551480603
0.0160609999999999989	4.2890785099764805
0.0171676000000000016	4.319797281533722
0.0183506000000000016	4.348656618133505
0.0196150000000000005	4.37574254191222
0.0209665999999999984	4.401130363807505
0.0224112999999999986	4.424907815443068
0.0239556000000000005	4.44718169638043
0.0256061999999999991	4.468026247390459
0.0273705999999999984	4.487550072622096
0.0292566000000000007	4.505837862575843
0.0312725000000000017	4.522974124226849
0.0334274000000000029	4.539037101866035
0.0357306999999999972	4.554087019456978
0.038192700000000003	4.568193253717846
0.0408243999999999968	4.581376316711391
0.0436373999999999998	4.593694888871241
0.0466441999999999968	4.6051518965970475
0.0498583000000000012	4.615781095565205
0.0532938000000000023	4.62557460673984
0.0569660000000000028	4.634539783918977
0.0608911999999999995	4.642675546346776
0.065087000000000006	4.6499721808039896
0.0695718000000000031	4.656418170950271
0.0743656000000000039	4.661985462455561
0.0794897999999999994	4.666653092108296
0.0849671000000000037	4.67040790117572
0.0908217000000000052	4.6732113781322635
0.0970797999999999939	4.675032459533895
0.103769	4.675830661385818
0.110919000000000004	4.675573429596745
0.118562000000000001	4.6742200735789385
0.126732000000000011	4.671728633636843
0.135464000000000001	4.668038180171225
0.14479800000000001	4.663106185905298
0.154775999999999997	4.656880903716206
0.165441000000000005	4.6493084100231465
0.176839999999999997	4.640317943282539
0.189026	4.629874133382448
0.202050000000000007	4.617895759890981
0.215972999999999998	4.60433838484834
0.230854000000000004	4.5891380723242525
0.246761000000000008	4.572232830811617
0.263765000000000027	4.553568934152436
0.281938999999999995	4.533101368079805
0.301366000000000023	4.510779509293166
0.322131999999999974	4.486570900452072
0.344328999999999996	4.460436941857
0.368055000000000021	4.43238633582817
0.393415999999999988	4.402407365067022
0.420524000000000009	4.370537942497629
0.449500000000000011	4.3368259178406205
0.480472999999999983	4.30136682238125
0.513580000000000036	4.264309849860663
0.54896900000000004	4.225829015798907
0.586794999999999956	4.1862146136498195
0.627229000000000036	4.145831803896646
0.670448000000000044	4.105205002192113
0.716644999999999976	4.065064429771803
0.766025999999999985	4.026513033482419
0.818809000000000009	3.991330967125823
0.875229000000000035	3.9630230323588775
0.935536999999999952	3.9514582234439324
1.	3.942224867787719