0.00223419000000000005	0.263307156633778
0.0023748100000000002	0.3338099099422374
0.00252427999999999984	0.41288027869561034
0.00268315999999999997	0.497451078708194
0.00285204000000000013	0.5858350937059906
0.00303155000000000004	0.6764809037503178
0.00322236000000000007	0.7680373323719698
0.00342516999999999995	0.8593307570602349
0.00364074999999999989	0.949482262987536
0.0038698999999999999	1.037754324475576
0.00411347000000000015	1.1236144918677404
0.00437238000000000036	1.206695206453669
0.00464757000000000017	1.2867635083488316
0.00494009000000000028	1.3636851211514123
0.00525102000000000034	1.437395442172271
0.0055815200000000004	1.5078947346727802
0.00593282000000000011	1.5752376577302316
0.00630624000000000028	1.6394720343663984
0.00670314999999999973	1.7006806109566315
0.00712504999999999996	1.758975456477869
0.00757350000000000037	1.8144356262886516
0.00805018000000000053	1.8671729458147461
0.00855685999999999947	1.9172955714154187
0.00909542999999999983	1.9648984594251462
0.00966789000000000016	2.0100867833318543
0.0102763999999999998	2.052904992817866
0.0109231999999999992	2.0935218685816
0.0116106999999999998	2.132018860948894
0.0123415	2.1685006983564783
0.0131182	2.2030002525990824
0.0139439000000000004	2.235615878594075
0.0148214999999999996	2.2664365234476618
0.0157543999999999983	2.295555996508507
0.0167460000000000005	2.3230350080829334
0.0177999999999999998	2.3489588926680653
0.018920300000000001	2.3733981220574303
0.0201111999999999992	2.396432610828893
0.0213770000000000002	2.418125330202166
0.0227224000000000002	2.438548402343598
0.0241525999999999998	2.4577758306930053
0.0256727999999999991	2.475872431122122
0.0272885999999999997	2.49288763344309
0.0290060999999999999	2.5088955719145742
0.0308317999999999995	2.5239227119876824
0.0327724000000000001	2.53802578250375
0.0348349999999999979	2.5512218346358115
0.0370276000000000008	2.563552433653045
0.0393581	2.5750581864156747
0.0418352999999999989	2.58578134451047
0.0444683999999999982	2.595747439773872
0.0472672999999999982	2.6049983896252478
0.0502422999999999967	2.6135847999049404
0.0534045000000000006	2.6215334603912073
0.0567657999999999982	2.628870588156852
0.0603385999999999992	2.6356302821932056
0.0641363999999999962	2.641839236821799
0.0681731000000000004	2.647506510252318
0.0724638999999999978	2.652657828853843
0.0770248000000000044	2.657285464642646
0.0818727999999999956	2.6614055940632007
0.0870259000000000032	2.665018076156027
0.0925032999999999966	2.668113643922139
0.0983253999999999934	2.670699387538934
0.104513999999999996	2.6727573682890835
0.111091999999999996	2.674285363248111
0.118083999999999994	2.6752731391121003
0.12551699999999999	2.6757019515865164
0.133417000000000008	2.6755593931249106
0.141813999999999996	2.6748172797173053
0.150740000000000013	2.6734724944270076
0.160227000000000008	2.671504451147269
0.170311999999999991	2.668884554042012
0.181030999999999998	2.665599624507148
0.192425000000000013	2.661629340081788
0.204536999999999997	2.6569353355434004
0.217409999999999992	2.6515213886268634
0.231093999999999994	2.6453415482471003
0.245638999999999996	2.6383824739565966
0.261099999999999999	2.6306236160301144
0.277532999999999974	2.622052906598374
0.295001000000000013	2.612642040720825
0.313568999999999987	2.60237998998803
0.333305000000000018	2.5912568724315705
0.354283000000000015	2.579264284585741
0.376581999999999972	2.566404319889568
0.400283999999999973	2.5526720397005587
0.425478000000000023	2.53810109842309
0.45225700000000002	2.522711763715538
0.480723000000000011	2.506547120170679
0.510978999999999961	2.4896567359206316
0.543139999999999956	2.472136385651932
0.577326000000000006	2.4540870476017287
0.613662999999999958	2.4356654768263764
0.65228699999999995	2.4170595378519026
0.693342000000000014	2.3985608149990805
0.736980999999999997	2.3805549343193415
0.783366000000000007	2.3636032094986983
0.83267100000000005	2.348671445582401
0.885079999999999978	2.3376546640506985
0.94078700000000004	2.3360599522505225
1.	2.335640596666164