0.0000992975000000000026	4.777884035717551
0.000108884999999999999	6.707960210374577
0.000119399	8.970447749793502
0.000130927000000000002	11.414895414504103
0.000143568999999999994	13.947266982485402
0.000157431000000000004	16.49110524484155
0.00017263200000000001	18.989351605758316
0.000189301000000000009	21.403317235983632
0.000207578999999999999	23.709775618946864
0.000227621999999999997	25.896092674704175
0.000249599999999999996	27.958066337405473
0.000273699999999999985	29.89500315170245
0.000300127000000000022	31.710560535492974
0.000329106000000000017	33.409078009704146
0.000360882999999999994	34.995908518027555
0.000395728999999999992	36.47674800582905
0.000433937999999999978	37.85734054275535
0.00047583800000000002	39.141935191213115
0.00052178200000000004	40.33837470925434
0.00057216299999999999	41.451484368715924
0.000627408999999999996	42.484857314971585
0.000687988999999999962	43.44458526122351
0.000754417999999999972	44.335073233329304
0.000827261000000000034	45.161513614578546
0.000907137000000000026	45.92825785876173
0.000994726999999999938	46.63984912401206
0.00109077000000000002	47.3009776064406
0.00119608999999999991	47.915712162679206
0.00131157999999999991	48.488029281285385
0.00143822000000000004	49.02152260414634
0.00157708999999999996	49.51851756774654
0.00172937000000000004	49.98150731057465
0.00189634999999999999	50.41310894321582
0.00207945000000000005	50.81610404629616
0.00228022999999999984	51.19340931649741
0.00250039999999999984	51.547628205446365
0.00274182999999999979	51.88131256278797
0.00300657000000000008	52.19647928045411
0.00329686999999999992	52.49486492824654
0.00361519999999999984	52.777681909874836
0.00396426999999999977	53.0459028035703
0.00434703999999999993	53.30024642936576
0.00476677000000000004	53.54101095909014
0.0052270299999999997	53.76857644613237
0.00573172999999999999	53.98287376857117
0.0062851599999999997	54.183946794701946
0.00689201999999999957	54.37160223633195
0.0075574800000000001	54.545486764097234
0.00828719999999999978	54.705269940806666
0.0090873800000000008	54.85039927234154
0.00996480999999999929	54.980283809269885
0.0109269999999999992	55.094248060485604
0.0119819999999999996	55.191409528254766
0.0131389999999999996	55.270919758847775
0.0144075999999999996	55.33167435142346
0.0157986999999999989	55.372444747574725
0.0173242000000000014	55.39203066635516
0.0189969000000000006	55.38887397581315
0.0208312000000000011	55.361484562574105
0.0228426000000000011	55.30800813125835
0.0250481000000000002	55.22661623924567
0.0274667000000000001	55.11531939503039
0.0301187000000000017	54.97181208890998
0.0330268999999999979	54.793765479385314
0.0362157999999999994	54.57870153919049
0.0397126000000000007	54.32379370487448
0.0435470999999999983	54.02630628472326
0.047751799999999997	53.68321703946362
0.0523624999999999993	53.29128610248647
0.0574184000000000014	52.84728839488439
0.0629624000000000017	52.3478662119957
0.0690418000000000004	51.78944765322415
0.0757082000000000033	51.16847269254907
0.0830182000000000003	50.481410314132305
0.0910341000000000067	49.72476791825148
0.0998238999999999932	48.89492165576324
0.109462000000000004	47.98868992329095
0.120032	47.00288382826736
0.131620999999999988	45.93485440015094
0.144330000000000014	44.78220662277543
0.15826599999999999	43.54306363225519
0.173547000000000007	42.21640399019661
0.190304000000000001	40.80203118781954
0.208679000000000003	39.300516789265934
0.228829000000000005	37.71397688883346
0.250923000000000007	36.04572559039015
0.275150999999999979	34.30071490838407
0.301719000000000015	32.48589721048914
0.330851000000000006	30.610245101269218
0.362796999999999981	28.685311681845086
0.397826999999999986	26.725393050672032
0.436238999999999988	24.747691641588187
0.478360000000000007	22.773172085383315
0.524549000000000043	20.826435307990018
0.575196999999999958	18.937031683834718
0.630735000000000046	17.138832875567434
0.691636000000000028	15.472403811645282
0.758417000000000008	13.986177896175908
0.831647000000000025	12.740323903897405
0.911946999999999952	11.824163131572382
1.	10.983421444096923