0.0000893676999999999948	5.260064256018934
0.0000980999999999999993	7.408458637294794
0.000107684999999999996	9.930835310030888
0.000118208000000000004	12.657646905611799
0.000129758	15.480830508423436
0.000142437000000000005	18.314639602066013
0.000156353999999999987	21.095219790769715
0.000171632000000000013	23.779683430210984
0.000188402000000000003	26.34242312919661
0.000206810999999999996	28.770188415321158
0.000227018999999999989	31.05822973824023
0.000249202000000000017	33.206905414093995
0.000273551000000000024	35.21992278582957
0.000300281000000000007	37.10225785889352
0.000329620999999999994	38.860343385455934
0.000361828999999999981	40.500398569576404
0.000397184000000000024	42.028311389472584
0.000435993999999999987	43.45033390480995
0.000478595000000000008	44.77422729401485
0.000525358999999999982	46.00539202990366
0.000576692999999999976	47.148611419395415
0.000633042000000000001	48.210329511508576
0.000694898	49.19597584229462
0.000762796999999999954	50.111005151102596
0.000837330999999999969	50.96062205096469
0.000919147999999999949	51.75029695249527
0.00100895999999999994	52.484853299962765
0.0011075499999999999	53.16940952442024
0.00121576999999999992	53.80814592172147
0.00133456000000000004	54.40471124769046
0.00146495999999999996	54.96197194415552
0.00160811000000000005	55.48302788698339
0.00176523999999999995	55.97082306550217
0.00193771999999999998	56.429151305391166
0.00212706000000000006	56.86103097020962
0.0023349	57.26988006025478
0.00256303999999999994	57.658332469968805
0.00281348000000000015	58.02876954261033
0.00308838999999999988	58.38303723668139
0.00339016000000000013	58.72271855282414
0.00372142000000000002	59.04885071354574
0.00408503999999999985	59.36233356570422
0.00448419999999999982	59.66387140042057
0.00492235999999999976	59.95381843158156
0.00540332999999999959	60.23259733613728
0.00593128999999999965	60.500455313969404
0.00651085000000000032	60.75741983057722
0.0071470300000000004	61.00354344534714
0.00784538000000000076	61.23872983596489
0.0086119600000000001	61.462937937818666
0.00945345000000000039	61.67588911280566
0.0103771999999999996	61.8772974503375
0.0113910999999999995	62.06680449806419
0.0125042	62.24383953449526
0.0137260000000000004	62.40799588452596
0.0150671999999999993	62.55854809043047
0.0165393999999999992	62.69470821117893
0.0181555000000000015	62.815689893853786
0.0199294999999999993	62.9205889905089
0.0218767999999999983	63.008250993346316
0.0240144000000000017	63.077648832694045
0.0263608999999999996	63.12734480109592
0.0289366999999999992	63.156085159807525
0.0317641000000000034	63.1622028153166
0.0348677999999999974	63.14415312918946
0.0382747999999999977	63.10012285979357
0.042014700000000002	63.02817230696737
0.0461200000000000013	62.926242110179295
0.0506264999999999979	62.79215660737226
0.0555732999999999991	62.623609295769135
0.0610033999999999993	62.4180910744034
0.0669642000000000015	62.17312849241175
0.0735072999999999976	61.88587304375942
0.080689800000000006	61.553669233892826
0.0885742000000000057	61.17349779546041
0.0972288999999999931	60.74251995163481
0.106729000000000004	60.2577008024693
0.117157999999999998	59.716050909734975
0.128605999999999998	59.114440886361514
0.141171999999999992	58.45019733715423
0.154965999999999993	57.72031742496908
0.170108000000000009	56.92225291090201
0.186729000000000006	56.05379242072248
0.20497499999999999	55.11274227235692
0.225003000000000009	54.097579797325494
0.246988999999999986	53.00736461559928
0.271121999999999974	51.84163122258808
0.29761399999999999	50.60088624200835
0.326693999999999984	49.28640872845354
0.35861599999999999	47.90089356724598
0.393656999999999979	46.448341073321934
0.432122000000000006	44.93418560250264
0.474345000000000017	43.365610967417666
0.52069399999999999	41.75342094494102
0.571571999999999969	40.10998220812244
0.627421000000000006	38.45235924229565
0.688726999999999978	36.8031530263249
0.756024000000000029	35.19367393418698
0.829895999999999967	33.67449844350867
0.910985999999999962	32.358814767481356
1.	31.126817390707664