0.000893676999999999948	0.6236956812397999
0.000958670000000000008	0.8158913033089359
0.0010283899999999999	1.0341949245779267
0.00110318000000000005	1.2684774216893082
0.00118340999999999997	1.5128671843276043
0.00126946999999999997	1.7621195768686135
0.00136179000000000009	2.011823756431835
0.00146082000000000004	2.2584646382420677
0.00156705999999999989	2.4993876965573785
0.00168103000000000002	2.732697971412635
0.00180327999999999999	2.9571891601379887
0.00193442000000000006	3.172075817666177
0.00207509999999999986	3.37703084846348
0.00222601000000000006	3.5719645784338288
0.00238790000000000009	3.756976968360526
0.00256155000000000011	3.932270669401167
0.00274784000000000009	4.09814234268392
0.00294767999999999983	4.254911415661269
0.00316205000000000002	4.402923132949226
0.00339200000000000005	4.542530205786804
0.00363868999999999998	4.674096929449305
0.00390331000000000011	4.7979776979846624
0.00418716999999999961	4.914328967982887
0.00449167999999999963	5.023795315475485
0.00481833999999999995	5.126513560544605
0.00516874999999999973	5.222859945157969
0.00554464999999999993	5.313007994861118
0.00594788000000000001	5.397306251846463
0.0063804300000000003	5.476041713108988
0.00684445000000000019	5.549458396898352
0.00734221000000000006	5.617830835555958
0.0078761600000000001	5.681415657284661
0.00844895000000000021	5.740429032792049
0.00906339999999999923	5.795146152193718
0.00972253000000000006	5.845765250974106
0.0104296000000000007	5.892521523241971
0.0111880999999999994	5.935600531920567
0.0120017000000000006	5.97519272121629
0.0128745999999999999	6.011434966475886
0.0138107999999999998	6.044411260195232
0.0148152000000000006	6.074239890566503
0.0158926999999999992	6.1010173359949675
0.0170483999999999983	6.12485349867474
0.0182883000000000004	6.145852225054435
0.0196183000000000017	6.1641332776727324
0.0210450000000000012	6.179782815836244
0.0225754999999999984	6.1929019454334515
0.0242173000000000006	6.203535735719906
0.0259785000000000016	6.211735423814811
0.0278678000000000016	6.21752798179715
0.0298944000000000015	6.220905649701086
0.0320684999999999998	6.221844287848711
0.0344006999999999993	6.2203152115993285
0.0369024000000000019	6.216248007574022
0.0395860999999999991	6.209570259185731
0.0424650000000000027	6.200198223065949
0.045553299999999998	6.188029839553995
0.0488661000000000026	6.172951715535546
0.0524198999999999984	6.154824362561673
0.0562321000000000001	6.133528752896979
0.0603215000000000001	6.108895559226786
0.0647083999999999992	6.080776302605856
0.0694142999999999982	6.049003831118565
0.074462399999999998	6.013383392896409
0.0798776000000000069	5.9737333124439065
0.0856867000000000045	5.929844981033559
0.0919182000000000055	5.881514309705797
0.0986028999999999933	5.828518226032509
0.105774000000000007	5.770622020185442
0.113465999999999997	5.707612238232266
0.121718000000000007	5.639224227219326
0.130569999999999992	5.565230142774085
0.140064999999999995	5.4853836485510055
0.150250999999999996	5.399427313377758
0.161177999999999988	5.307134845487633
0.172899999999999998	5.208278681656417
0.185474	5.102620564055631
0.198963000000000001	4.989971486515434
0.213432000000000011	4.8701434020448495
0.228953999999999991	4.742998666240196
0.245603999999999989	4.608419758839186
0.263465999999999978	4.466367727955587
0.282625999999999988	4.316836004655688
0.303180000000000005	4.159907833131929
0.32522899999999999	3.995772252483859
0.348880999999999997	3.824707651518498
0.374253000000000002	3.6471364693080313
0.401469999999999994	3.463658252822344
0.430667000000000022	3.2750363887764613
0.461986999999999981	3.082266319280985
0.495584999999999998	2.8866189062286516
0.531626000000000043	2.689660997268014
0.570288000000000017	2.4933296388474018
0.611762000000000028	2.2999967771630905
0.656251999999999946	2.112521920044096
0.703977999999999993	1.93441075347582
0.755174000000000012	1.7698685363316695
0.810093999999999981	1.6241115955270533
0.869008000000000003	1.5037807546344961
0.932205999999999979	1.4187967956867586
1.	1.3393398086913177